-1 -1 -1 -1 -1 -1 -1 41 -1 -1 35 -1 -1 1 28 -1 33 24 23 -1 27 37 -1 21 -1 -1 36 -1 3 46 24 -1 23 15 18 17 -1 11 -1 9 -1 18 -1 21 30 -1 -1 40 24 36 18 -1 -1 26 17 -1 -1 20 -1 38 40 -1 29 -1 30 -1 15 17 5 32 -1 16 27 25 -1 -1 -1 31 35 25 -1 14 -1 14 -1 34 24 18 29 -1 7 27 29 14 23 26 23 10 45 18 -1 -1 39 29 -1 8 7 37 36 11 28 18 26 23 32 -1 10 13 -1 12 -1 21 26 -1 -1 37 17 31 28 31 -1 -1 18 30 -1 27 19 -1 -1 16 28 25 -1 28 17 24 -1 -1 33 -1
-1 0 -1 19 -1 29 16 -1 28 -1 -1 -1 25 -1 30 19 19 -1 28 18 35 18 24 -1 -1 9 -1 20 30 11 29 -1 -1 -1 -1 41 -1 37 21 16 -1 24 -1 33 14 30 20 22 -1 9 -1 -1 18 19 22 -1 -1 -1 17 -1 39 7 16 8 12 13 16 -1 16 -1 -1 35 -1 -1 -1 39 48 -1 26 -1 -1 11 -1 -1 -1 16 -1 22 -1 -1 40 -1 -1 -1 -1 -1 30 -1 -1 20 22 18 19 37 41 -1 -1 22 -1 24 41 -1 -1 8 -1 -1 28 6 28 5 -1 -1 24 -1 12 29 -1 -1 21 -1 15 -1 19 -1 -1 -1 26 -1 9 40 -1 37 -1 25 -1 -1 -1 -1 12 -1
-1 -1 0 11 28 12 9 -1 41 -1 22 -1 24 -1 -1 25 -1 27 23 13 25 28 -1 39 11 40 23 22 -1 23 -1 40 27 28 31 42 34 41 13 20 40 20 24 18 28 10 -1 14 19 29 32 17 -1 12 37 12 19 20 -1 -1 31 -1 38 28 -1 25 20 -1 21 37 28 23 8 25 28 28 -1 40 -1 -1 10 9 -1 32 34 -1 -1 38 -1 -1 -1 21 31 18 -1 26 27 -1 -1 10 31 18 18 24 33 -1 -1 38 30 -1 -1 33 -1 -1 -1 -1 47 -1 23 31 5 -1 -1 32 4 -1 28 11 -1 -1 35 24 -1 33 26 22 24 -1 -1 46 15 16 -1 -1 23 -1 24 -1 -1 -1
-1 19 11 -1 16 -1 -1 13 -1 -1 10 -1 19 20 30 -1 -1 9 -1 37 8 32 29 45 -1 3 -1 27 30 40 15 -1 42 18 16 -1 -1 -1 -1 25 -1 5 -1 32 -1 43 13 22 -1 16 22 -1 29 25 -1 -1 -1 15 -1 36 -1 -1 -1 -1 41 29 -1 18 21 12 -1 -1 -1 -1 -1 30 7 -1 9 35 -1 30 23 -1 22 37 13 -1 20 -1 27 -1 30 14 -1 21 26 -1 -1 15 -1 30 -1 -1 38 22 -1 -1 -1 18 24 19 -1 18 29 -1 26 34 -1 35 -1 27 23 21 26 12 21 38 29 -1 -1 32 -1 -1 42 33 27 19 12 -1 14 21 -1 17 -1 -1 40 30 -1 -1
-1 -1 28 16 0 -1 14 17 -1 17 13 23 3 -1 -1 23 40 39 -1 27 28 -1 -1 28 14 35 -1 -1 -1 -1 -1 -1 -1 -1 -1 35 -1 -1 39 -1 17 -1 -1 20 26 37 14 25 33 8 -1 -1 16 27 -1 22 29 38 -1 -1 23 -1 -1 16 8 26 5 -1 -1 -1 16 17 16 42 -1 -1 -1 26 -1 21 25 -1 31 25 28 -1 33 25 -1 9 36 34 -1 25 45 -1 22 -1 4 25 -1 -1 10 9 25 18 14 -1 33 27 -1 19 24 21 -1 27 -1 36 25 19 44 19 23 -1 24 -1 22 19 35 -1 7 41 -1 36 22 15 -1 23 11 15 28 22 -1 34 25 12 38 30 20 -1
-1 29 12 -1 -1 0 13 31 -1 1 11 -1 29 -1 25 44 22 -1 31 26 47 -1 13 44 -1 42 22 15 8 -1 21 -1 23 33 27 -1 30 -1 -1 20 -1 6 -1 4 24 -1 29 29 12 41 -1 -1 16 -1 27 -1 19 19 12 -1 37 37 -1 11 7 15 -1 29 -1 -1 -1 14 -1 -1 17 -1 15 21 27 44 18 14 -1 37 -1 -1 25 30 -1 -1 -1 -1 -1 -1 16 21 -1 15 23 -1 10 -1 19 -1 -1 13 -1 -1 -1 22 36 15 -1 26 -1 17 21 28 -1 7 21 -1 -1 -1 -1 21 -1 -1 16 -1 -1 37 2 37 22 32 -1 -1 34 11 24 -1 32 24 19 34 36 12 -1 4
-1 16 9 -1 14 13 -1 29 23 -1 27 39 -1 24 47 24 -1 43 37 36 22 14 -1 -1 37 16 -1 30 13 -1 -1 21 30 -1 -1 35 17 36 15 33 20 23 33 18 14 32 -1 9 -1 -1 24 8 -1 27 -1 -1 -1 22 21 28 -1 -1 40 11 -1 -1 13 38 20 18 19 14 -1 27 -1 24 34 28 -1 25 23 25 -1 -1 -1 -1 39 22 18 19 18 -1 -1 18 26 44 21 -1 27 -1 27 32 13 -1 -1 17 33 -1 -1 -1 -1 11 -1 22 -1 2 -1 17 34 -1 -1 -1 33 17 7 -1 -1 -1 41 29 -1 -1 28 -1 43 40 39 -1 19 27 -1 10 29 14 20 21 29 -1 8 37
41 -1 -1 13 17 31 29 0 -1 -1 -1 -1 26 45 -1 -1 -1 35 -1 24 -1 9 20 16 -1 26 -1 17 -1 5 43 23 -1 -1 -1 -1 24 -1 -1 -1 16 -1 20 37 2 34 -1 32 -1 -1 -1 31 -1 34 -1 4 43 22 -1 25 12 -1 24 -1 35 40 22 37 31 39 -1 33 26 41 25 22 -1 -1 -1 -1 14 24 -1 27 -1 38 39 -1 7 14 38 23 28 -1 24 -1 25 19 7 -1 -1 -1 -1 16 -1 16 -1 -1 -1 -1 -1 -1 -1 23 26 -1 19 22 -1 20 15 23 16 32 30 22 -1 -1 -1 15 15 -1 29 41 19 8 21 18 29 -1 -1 26 12 12 20 5 15 28 -1 39
-1 28 41 -1 -1 -1 23 -1 -1 18 38 30 30 40 -1 14 43 42 28 -1 8 -1 14 41 47 -1 -1 26 15 40 -1 39 24 -1 3 -1 23 16 20 -1 19 -1 24 -1 25 -1 28 17 -1 16 30 15 -1 18 8 22 35 41 32 24 -1 19 47 -1 32 -1 10 40 10 -1 20 35 17 -1 41 33 -1 11 16 -1 -1 -1 15 35 -1 36 31 13 -1 18 36 27 3 33 23 25 22 -1 -1 -1 32 -1 18 19 26 34 -1 -1 30 36 -1 23 28 22 39 -1 22 26 15 -1 18 17 -1 -1 25 -1 34 -1 17 23 -1 23 15 -1 36 22 13 -1 -1 22 -1 -1 -1 -1 29 34 13 13 -1 13
-1 -1 -1 -1 17 1 -1 -1 18 0 -1 38 -1 35 -1 11 36 13 28 -1 12 15 33 22 -1 18 30 -1 -1 -1 -1 -1 -1 -1 35 21 21 -1 36 39 30 -1 -1 17 -1 -1 32 -1 44 23 37 31 16 11 38 -1 15 38 -1 15 33 -1 -1 9 -1 -1 21 -1 -1 20 20 42 29 13 -1 -1 6 -1 9 13 20 23 35 35 -1 21 23 -1 29 -1 27 -1 25 -1 -1 -1 27 27 9 14 -1 -1 -1 21 27 27 -1 24 30 -1 28 12 39 19 21 38 29 32 -1 39 23 -1 -1 21 21 7 25 26 -1 -1 19 40 14 -1 22 19 19 -1 45 23 -1 19 -1 -1 -1 26 -1 25 22 27
35 -1 22 10 13 11 27 -1 38 -1 -1 21 32 -1 -1 16 -1 -1 -1 25 30 23 38 29 29 14 -1 31 9 -1 42 41 25 31 17 12 36 -1 31 36 40 -1 34 2 14 44 -1 21 22 10 31 3 -1 -1 29 -1 -1 -1 -1 -1 5 -1 19 23 -1 45 -1 -1 43 23 17 -1 19 -1 31 28 -1 19 26 22 23 17 -1 18 28 12 -1 30 -1 -1 24 35 -1 24 10 -1 -1 -1 -1 6 24 -1 8 -1 20 -1 40 43 -1 43 -1 -1 16 13 44 34 -1 45 8 -1 -1 8 21 13 -1 -1 14 -1 -1 -1 28 6 -1 15 44 36 -1 29 24 30 -1 -1 -1 35 42 -1 -1 19 -1 11
-1 -1 -1 -1 23 -1 39 -1 30 38 21 -1 -1 -1 -1 37 28 26 32 -1 -1 -1 -1 -1 -1 -1 -1 -1 -1 11 -1 31 27 23 28 -1 22 13 -1 -1 22 26 -1 -1 10 35 25 25 -1 -1 32 -1 30 -1 29 34 9 -1 -1 32 32 26 36 20 -1 -1 25 -1 8 -1 28 -1 12 32 -1 28 37 -1 -1 18 22 38 35 -1 -1 21 -1 -1 -1 -1 22 32 45 21 -1 13 30 -1 22 32 13 32 -1 27 -1 -1 -1 38 -1 19 6 -1 -1 16 -1 29 26 -1 -1 26 -1 -1 32 -1 24 -1 -1 15 20 23 40 -1 -1 -1 -1 14 -1 -1 10 13 23 44 -1 -1 28 -1 9 4 35 26
-1 25 24 19 3 29 -1 26 30 -1 32 -1 0 25 11 46 28 -1 -1 -1 23 11 -1 28 -1 -1 34 -1 30 21 19 23 26 35 23 -1 24 26 5 -1 10 26 -1 -1 44 26 -1 -1 8 -1 44 31 41 -1 27 -1 27 32 -1 31 42 18 24 20 15 46 24 32 25 -1 -1 36 -1 20 15 30 12 23 30 29 19 -1 17 45 -1 -1 18 -1 29 36 -1 -1 25 20 37 -1 8 21 24 42 12 28 20 -1 5 20 31 -1 30 -1 -1 -1 21 -1 35 6 -1 -1 -1 28 22 23 -1 -1 30 -1 29 20 27 -1 47 26 -1 28 13 21 -1 -1 -1 -1 32 43 22 -1 30 30 33 21 -1 22
1 -1 -1 20 -1 -1 24 45 40 35 -1 -1 25 0 8 -1 -1 25 27 -1 -1 7 41 32 44 21 -1 11 -1 -1 17 -1 24 13 -1 32 -1 -1 14 -1 22 -1 16 25 22 -1 28 -1 -1 -1 28 -1 -1 22 -1 -1 19 23 18 -1 -1 47 19 32 31 23 33 21 9 8 -1 -1 -1 11 7 31 21 26 13 18 -1 16 -1 18 21 19 -1 32 20 45 37 -1 36 -1 25 -1 36 31 12 34 -1 3 15 20 21 27 -1 -1 -1 -1 27 -1 3 8 -1 37 24 13 31 33 44 -1 -1 13 14 -1 41 -1 -1 -1 30 -1 30 14 6 -1 35 1 -1 -1 -1 12 11 -1 -1 34 34 20 21 -1
28 30 -1 30 -1 25 47 -1 -1 -1 -1 -1 11 8 0 -1 24 17 -1 8 -1 -1 -1 38 12 22 -1 -1 -1 26 24 -1 21 -1 -1 5 5 -1 32 17 40 -1 26 -1 -1 26 -1 17 -1 -1 18 17 -1 -1 15 12 25 16 30 9 -1 -1 -1 34 36 -1 14 -1 -1 30 34 47 -1 33 -1 37 -1 26 21 20 31 20 37 10 40 36 -1 -1 31 21 32 -1 43 15 -1 -1 28 31 25 -1 -1 -1 -1 16 35 41 -1 -1 18 -1 -1 21 -1 -1 10 17 -1 35 42 8 19 -1 27 39 42 -1 14 34 27 27 -1 -1 29 12 15 8 23 -1 15 33 30 33 39 24 27 35 -1 10 31 -1
-1 19 25 -1 23 44 24 -1 14 11 16 37 46 -1 -1 0 -1 24 -1 -1 17 36 8 15 29 -1 24 45 26 -1 29 -1 -1 29 13 27 16 -1 -1 -1 22 -1 40 -1 6 -1 -1 16 14 -1 36 20 -1 9 -1 27 30 29 -1 34 -1 -1 16 33 31 -1 -1 -1 -1 42 -1 19 -1 29 -1 -1 -1 -1 -1 -1 36 -1 27 33 -1 21 30 23 -1 19 -1 39 -1 39 -1 6 34 12 36 -1 -1 -1 -1 25 -1 19 -1 -1 -1 26 40 -1 -1 24 42 10 33 22 -1 -1 26 10 12 -1 32 21 28 30 -1 -1 -1 13 -1 -1 34 39 -1 21 23 27 9 37 3 9 35 -1 -1 28 -1 -1
33 19 -1 -1 40 22 -1 -1 43 36 -1 28 28 -1 24 -1 0 -1 29 -1 -1 -1 -1 16 35 36 2 -1 25 -1 -1 -1 -1 -1 16 7 21 19 13 -1 -1 -1 -1 -1 33 34 34 3 -1 -1 38 28 6 8 -1 21 41 7 16 28 -1 33 36 -1 31 -1 5 17 -1 15 -1 -1 -1 -1 33 -1 -1 30 -1 17 -1 23 -1 21 12 -1 47 -1 35 37 -1 27 -1 -1 -1 -1 -1 26 42 38 -1 26 20 22 23 32 -1 44 3 27 -1 34 13 31 28 -1 -1 -1 18 39 -1 43 -1 31 -1 -1 29 25 -1 32 -1 -1 39 -1 23 -1 19 28 18 25 -1 -1 -1 20 13 -1 -1 17 28 -1
24 -1 27 9 39 -1 43 35 42 13 -1 26 -1 25 17 24 -1 -1 24 20 -1 18 14 -1 18 -1 -1 35 29 -1 -1 -1 13 40 -1 16 -1 -1 41 6 2 -1 31 22 30 -1 49 25 -1 14 -1 9 27 28 19 9 20 -1 16 35 -1 -1 23 30 -1 27 -1 28 -1 26 16 34 18 -1 29 -1 13 26 16 16 25 35 40 17 -1 -1 18 -1 -1 7 -1 37 19 24 21 25 -1 22 -1 44 -1 32 12 22 7 16 -1 26 14 -1 -1 28 16 47 45 14 30 -1 28 21 18 26 -1 -1 -1 35 -1 -1 -1 27 27 41 10 41 24 34 20 25 35 -1 6 15 -1 7 21 7 13 10 12 -1
23 28 23 -1 -1 31 37 -1 28 28 -1 32 -1 27 -1 -1 29 24 0 22 -1 -1 25 -1 -1 22 26 -1 18 33 -1 -1 23 -1 14 35 -1 42 32 -1 -1 18 -1 28 -1 -1 -1 20 39 -1 -1 14 20 -1 -1 -1 17 -1 -1 -1 -1 -1 36 38 1 15 17 25 31 -1 21 9 17 32 22 26 -1 45 -1 37 -1 21 30 -1 -1 28 27 -1 19 -1 18 -1 25 32 25 33 -1 -1 -1 26 -1 -1 4 42 -1 -1 -1 22 33 16 -1 14 20 38 29 37 -1 36 25 -1 30 -1 29 24 -1 34 -1 -1 23 -1 -1 18 28 -1 28 41 -1 -1 25 -1 14 24 -1 4 -1 29 -1 -1 -1 -1
-1 18 13 37 27 26 36 24 -1 -1 25 -1 -1 -1 8 -1 -1 20 22 0 24 -1 37 23 21 -1 13 -1 -1 31 13 4 -1 20 -1 14 -1 13 -1 -1 -1 31 18 -1 -1 -1 37 31 -1 24 24 -1 -1 -1 36 26 37 -1 -1 27 26 -1 27 21 -1 19 -1 15 32 10 28 32 5 -1 34 -1 13 -1 10 -1 -1 -1 -1 15 13 -1 19 -1 39 37 -1 26 -1 12 30 22 32 -1 12 19 10 25 -1 24 -1 21 14 16 29 -1 28 40 -1 -1 16 26 -1 -1 10 -1 -1 -1 29 42 22 -1 -1 39 -1 -1 31 -1 -1 -1 -1 -1 -1 29 29 20 26 -1 -1 8 5 28 -1 -1 -1 39
27 35 25 8 28 47 22 -1 8 12 30 -1 23 -1 -1 17 -1 -1 -1 24 0 27 -1 29 25 8 -1 -1 35 -1 29 -1 34 20 -1 -1 -1 20 -1 -1 41 28 18 -1 27 -1 15 31 -1 31 29 15 8 -1 -1 -1 22 31 -1 19 -1 -1 -1 -1 -1 24 18 23 20 -1 -1 20 -1 16 -1 -1 19 29 17 19 26 8 24 19 -1 -1 -1 11 29 -1 11 13 33 13 -1 -1 -1 -1 12 19 45 32 -1 29 21 25 -1 28 23 45 6 40 35 -1 15 -1 -1 -1 20 11 -1 -1 44 16 19 32 22 6 17 -1 33 -1 -1 25 25 -1 10 -1 25 -1 15 -1 13 45 22 24 29 24 36 -1
37 18 28 32 -1 -1 14 9 -1 15 23 -1 11 7 -1 36 -1 18 -1 -1 27 0 -1 19 20 -1 13 -1 37 2 33 -1 -1 34 31 -1 24 21 36 24 17 25 -1 -1 48 -1 -1 12 -1 -1 -1 -1 -1 40 -1 -1 -1 -1 -1 -1 5 36 -1 19 -1 -1 -1 -1 30 -1 -1 -1 36 -1 35 -1 -1 -1 23 22 -1 26 34 42 -1 38 37 14 24 37 -1 14 -1 -1 -1 35 27 -1 37 -1 27 23 -1 -1 -1 -1 17 -1 21 -1 14 30 3 40 -1 -1 -1 -1 47 -1 15 -1 -1 -1 -1 14 -1 -1 22 22 -1 -1 37 26 -1 14 35 22 33 28 13 8 45 17 -1 -1 7 -1 -1 25
-1 24 -1 29 -1 13 -1 20 14 33 38 -1 -1 41 -1 8 -1 14 25 37 -1 -1 0 22 13 -1 38 8 -1 25 20 42 -1 13 -1 14 29 -1 -1 29 30 14 -1 24 29 30 18 -1 -1 -1 12 16 30 -1 23 -1 -1 32 19 22 33 -1 -1 -1 -1 13 -1 18 7 20 7 25 16 13 -1 -1 16 9 -1 14 -1 30 25 28 -1 24 -1 -1 -1 16 29 -1 42 37 32 -1 -1 31 9 -1 21 17 -1 -1 2 -1 35 39 12 -1 -1 -1 36 -1 24 43 39 35 -1 13 33 16 29 41 16 33 26 23 32 26 21 13 26 -1 25 -1 44 15 12 -1 -1 25 -1 -1 17 13 11 22 -1 -1
21 -1 39 45 28 44 -1 16 41 22 29 -1 28 32 38 15 16 -1 -1 23 29 19 22 0 7 -1 34 7 21 -1 -1 -1 -1 -1 29 -1 -1 21 21 24 21 7 -1 -1 19 17 14 16 35 35 5 26 -1 -1 -1 3 -1 -1 -1 19 27 15 -1 -1 -1 20 41 42 -1 -1 14 22 26 -1 -1 5 -1 -1 11 -1 -1 30 8 20 24 -1 11 36 9 -1 -1 -1 39 27 43 -1 -1 -1 20 44 -1 7 -1 32 -1 21 -1 10 34 9 -1 24 -1 21 24 18 -1 9 48 -1 40 23 -1 -1 37 -1 41 30 23 17 9 9 -1 -1 -1 -1 -1 24 -1 13 20 24 24 -1 23 -1 39 -1 -1 -1
-1 -1 11 -1 14 -1 37 -1 47 -1 29 -1 -1 44 12 29 35 18 -1 21 25 20 13 7 -1 39 -1 -1 12 -1 24 17 -1 -1 23 -1 7 -1 6 -1 -1 -1 11 -1 12 -1 9 -1 -1 -1 -1 -1 -1 -1 8 20 -1 33 -1 34 -1 38 43 9 -1 20 -1 -1 22 8 36 25 -1 -1 6 20 -1 -1 25 29 -1 21 36 -1 19 23 -1 -1 -1 10 11 17 37 -1 28 11 11 15 28 22 -1 14 33 25 18 -1 -1 23 -1 -1 -1 -1 -1 -1 24 -1 31 -1 -1 -1 49 17 13 21 19 -1 32 38 18 -1 -1 -1 17 28 10 -1 27 29 -1 29 25 22 29 -1 19 -1 -1 43 -1 35
-1 9 40 3 35 42 16 26 -1 18 14 -1 -1 21 22 -1 36 -1 22 -1 8 -1 -1 -1 39 0 -1 41 38 32 39 12 23 27 27 14 -1 -1 -1 22 19 23 -1 -1 20 -1 10 31 -1 -1 -1 -1 34 43 17 -1 26 -1 21 18 -1 23 -1 14 -1 48 16 -1 -1 -1 16 18 15 14 -1 30 -1 15 -1 27 26 9 -1 41 14 -1 -1 24 25 23 -1 26 15 35 32 6 6 -1 -1 19 22 43 -1 45 -1 19 24 -1 -1 28 29 -1 -1 24 26 -1 -1 -1 42 11 31 21 21 -1 -1 11 40 31 -1 27 23 27 -1 -1 -1 -1 14 -1 -1 -1 16 24 -1 27 -1 -1 22 -1 10 25
36 -1 23 -1 -1 22 -1 -1 -1 30 -1 -1 34 -1 -1 24 2 -1 26 13 -1 13 38 34 -1 -1 -1 22 33 -1 26 -1 30 17 -1 36 -1 -1 -1 14 9 13 12 -1 -1 40 23 21 -1 20 -1 23 40 -1 34 41 9 16 12 -1 40 -1 26 30 21 9 27 -1 9 -1 8 -1 -1 29 -1 -1 25 -1 -1 -1 37 -1 33 -1 -1 13 21 1 26 -1 26 20 21 19 27 -1 26 -1 -1 -1 24 16 -1 -1 23 -1 -1 -1 -1 25 25 -1 -1 19 27 -1 -1 23 36 29 -1 32 -1 25 14 -1 28 6 -1 17 32 -1 -1 16 -1 10 -1 15 -1 -1 33 32 -1 23 -1 -1 36 -1 39 -1
-1 20 22 27 -1 15 30 17 26 -1 31 -1 -1 11 -1 45 -1 35 -1 -1 -1 -1 8 7 -1 41 22 0 -1 -1 9 -1 -1 16 -1 -1 -1 -1 18 18 -1 18 18 12 -1 21 -1 25 39 26 -1 19 -1 25 11 32 -1 13 24 -1 16 -1 28 -1 -1 21 -1 4 -1 34 27 28 -1 25 -1 22 20 -1 30 -1 -1 13 26 -1 30 17 27 27 -1 18 35 27 35 13 30 8 19 -1 28 5 -1 -1 -1 -1 28 -1 -1 -1 -1 13 13 -1 14 37 -1 27 34 25 -1 38 35 -1 14 39 21 -1 32 33 -1 -1 -1 -1 23 29 -1 34 -1 -1 1 6 -1 -1 -1 40 -1 -1 26 32 12 20
3 30 -1 30 -1 8 13 -1 15 -1 9 -1 30 -1 -1 26 25 29 18 -1 35 37 -1 21 12 38 33 -1 -1 -1 22 -1 -1 -1 13 27 14 14 24 16 32 -1 -1 35 23 13 28 -1 14 -1 34 -1 30 -1 12 -1 -1 16 28 28 -1 -1 -1 10 15 35 4 25 34 7 25 20 22 42 -1 -1 26 -1 11 27 -1 -1 27 20 19 -1 -1 37 -1 25 23 28 -1 -1 34 40 28 7 23 22 19 25 39 17 -1 23 -1 -1 -1 34 16 22 -1 35 9 33 38 22 -1 11 31 -1 -1 -1 -1 -1 -1 -1 20 -1 34 25 -1 23 35 9 28 16 33 17 -1 19 -1 26 -1 -1 17 19 27 -1
46 11 23 40 -1 -1 -1 5 40 -1 -1 11 21 -1 26 -1 -1 -1 33 31 -1 2 25 -1 -1 32 -1 -1 -1 0 11 29 17 28 -1 -1 20 25 27 40 -1 9 -1 -1 21 25 -1 14 3 10 -1 32 13 15 -1 -1 -1 -1 -1 -1 41 38 -1 -1 -1 -1 22 -1 11 30 -1 20 34 -1 48 13 38 17 -1 32 -1 -1 26 -1 -1 10 35 30 32 9 -1 33 4 29 -1 27 17 16 40 28 -1 -1 -1 -1 34 -1 34 32 -1 -1 17 -1 -1 21 -1 40 14 -1 15 42 21 22 27 31 6 -1 24 19 34 -1 15 -1 21 16 28 15 17 28 23 16 32 -1 -1 22 -1 29 -1 -1 36 -1
24 29 -1 15 -1 21 -1 43 -1 -1 42 -1 19 17 24 29 -1 -1 -1 13 29 33 20 -1 24 39 26 9 22 11 0 -1 -1 -1 23 26 -1 -1 41 26 25 27 18 -1 -1 -1 44 -1 18 27 -1 -1 -1 29 22 35 -1 41 30 27 -1 -1 -1 -1 24 43 -1 18 -1 -1 4 33 20 -1 -1 -1 31 -1 -1 -1 21 38 22 -1 29 -1 -1 -1 15 14 -1 -1 -1 31 32 23 -1 -1 27 40 32 -1 -1 26 20 -1 -1 28 -1 -1 18 31 33 11 -1 -1 -1 -1 -1 16 38 14 -1 28 15 -1 -1 23 40 9 -1 -1 -1 -1 17 -1 17 23 -1 -1 -1 26 36 -1 -1 34 14 -1 16 -1
-1 -1 40 -1 -1 -1 21 23 39 -1 41 31 23 -1 -1 -1 -1 -1 -1 4 -1 -1 42 -1 17 12 -1 -1 -1 29 -1 0 -1 30 -1 38 33 36 -1 32 27 22 -1 -1 28 -1 4 -1 -1 26 -1 38 23 24 -1 -1 25 -1 13 -1 26 -1 25 -1 -1 -1 19 -1 25 -1 17 35 11 -1 -1 -1 -1 21 -1 -1 -1 17 9 -1 30 34 -1 -1 5 18 -1 18 22 -1 20 -1 38 -1 -1 -1 -1 -1 28 -1 33 -1 26 -1 -1 15 39 18 30 -1 12 29 15 32 36 34 -1 -1 -1 -1 36 -1 18 38 21 22 26 27 -1 17 -1 -1 28 -1 17 34 -1 -1 24 33 35 -1 9 28 -1 3
23 -1 27 42 -1 23 30 -1 24 -1 25 27 26 24 21 -1 -1 13 23 -1 34 -1 -1 -1 -1 23 30 -1 -1 17 -1 -1 0 31 22 22 -1 -1 20 -1 20 -1 -1 15 -1 33 -1 28 -1 -1 47 30 26 -1 10 14 34 41 -1 38 9 1 10 -1 40 -1 25 -1 31 27 36 25 25 -1 12 -1 -1 -1 14 21 -1 -1 24 43 13 -1 -1 -1 30 29 30 -1 -1 -1 26 8 39 -1 -1 21 44 -1 19 26 33 26 30 16 -1 25 24 -1 15 7 29 21 15 -1 33 -1 30 -1 -1 -1 -1 -1 -1 24 47 9 21 46 22 23 -1 -1 -1 -1 28 38 -1 -1 32 -1 13 -1 16 17 22 12
15 -1 28 18 -1 33 -1 -1 -1 -1 31 23 35 13 -1 29 -1 40 -1 20 20 34 13 -1 -1 27 17 16 -1 28 -1 30 31 -1 -1 41 12 -1 21 -1 -1 26 36 18 -1 25 20 29 35 31 29 26 16 33 38 -1 -1 31 16 11 29 -1 -1 9 -1 38 -1 -1 -1 31 -1 18 -1 47 -1 31 44 -1 -1 26 -1 -1 16 -1 24 -1 5 34 32 39 27 34 -1 10 -1 24 -1 -1 -1 15 -1 -1 29 -1 -1 -1 -1 22 23 36 -1 -1 25 -1 -1 -1 -1 35 28 -1 33 4 -1 -1 -1 24 16 29 -1 44 -1 40 25 -1 28 -1 -1 20 -1 25 15 34 20 -1 33 -1 -1 30 23 -1
18 -1 31 16 -1 27 -1 -1 3 35 17 28 23 -1 -1 13 16 -1 14 -1 -1 31 -1 29 23 27 -1 -1 13 -1 23 -1 22 -1 0 -1 18 41 -1 14 45 -1 -1 -1 -1 29 -1 -1 40 38 22 31 16 11 17 20 28 26 36 23 42 6 -1 36 36 21 6 -1 -1 -1 -1 -1 23 -1 -1 -1 16 36 25 25 5 -1 25 18 16 -1 -1 19 25 27 2 14 25 16 30 29 -1 43 -1 44 -1 40 -1 -1 -1 45 28 1 26 8 -1 -1 -1 22 30 35 15 -1 13 38 -1 34 20 -1 27 26 16 10 -1 42 -1 26 18 20 -1 38 -1 -1 -1 31 43 27 -1 -1 -1 22 7 30 15 -1
17 41 42 -1 35 -1 35 -1 -1 21 12 -1 -1 32 5 27 7 16 35 14 -1 -1 14 -1 -1 14 36 -1 27 -1 26 38 22 41 -1 -1 -1 9 13 -1 -1 -1 24 20 20 -1 13 -1 -1 21 21 -1 26 35 -1 23 9 37 33 28 -1 28 -1 -1 -1 12 -1 19 -1 -1 37 35 -1 -1 41 21 44 25 -1 18 -1 -1 32 23 3 18 -1 10 6 -1 -1 32 26 29 26 20 35 27 31 -1 -1 29 21 7 -1 -1 -1 23 -1 8 29 19 23 -1 34 -1 9 -1 31 16 31 -1 22 14 28 9 -1 6 25 -1 10 28 -1 -1 28 -1 -1 -1 18 -1 24 25 13 32 23 26 25 -1 -1 19
-1 -1 34 -1 -1 30 17 24 23 21 36 22 24 -1 5 16 21 -1 -1 -1 -1 24 29 -1 7 -1 -1 -1 14 20 -1 33 -1 12 18 -1 0 -1 -1 -1 5 -1 16 8 -1 24 -1 -1 22 27 -1 30 -1 -1 26 19 28 -1 -1 -1 26 14 12 45 15 -1 34 -1 -1 16 5 23 -1 27 31 16 21 24 -1 9 -1 45 20 19 20 -1 -1 33 -1 -1 -1 -1 19 32 29 11 33 -1 32 3 22 -1 -1 -1 29 17 35 -1 26 -1 -1 31 40 -1 30 -1 28 28 21 -1 -1 -1 -1 45 40 30 17 4 12 22 -1 -1 38 26 17 10 32 25 -1 -1 -1 25 40 -1 -1 -1 -1 -1 18 38
11 37 41 -1 -1 -1 36 -1 16 -1 -1 13 26 -1 -1 -1 19 -1 42 13 20 21 -1 21 -1 -1 -1 -1 14 25 -1 36 -1 -1 41 9 -1 -1 -1 -1 -1 -1 -1 12 6 32 -1 -1 21 6 -1 22 -1 -1 30 -1 -1 27 -1 13 7 29 20 -1 -1 38 -1 -1 -1 41 24 -1 35 17 -1 -1 33 -1 5 -1 36 -1 38 28 -1 -1 26 37 -1 -1 16 31 -1 30 33 36 -1 32 21 -1 -1 26 21 -1 31 14 -1 21 -1 -1 -1 19 -1 11 -1 -1 6 40 -1 34 41 39 -1 10 -1 22 25 11 -1 -1 -1 29 -1 13 -1 27 21 -1 13 -1 26 -1 -1 17 -1 24 -1 -1 -1 32
-1 21 13 -1 39 -1 15 -1 20 36 31 -1 5 14 32 -1 13 41 32 -1 -1 36 -1 21 6 -1 -1 18 24 27 41 -1 20 21 -1 13 -1 -1 -1 32 28 -1 -1 -1 22 38 -1 37 -1 37 33 24 -1 20 24 29 -1 -1 -1 23 22 -1 18 28 27 34 -1 36 -1 42 22 -1 32 37 22 11 -1 -1 -1 32 34 -1 7 -1 28 25 28 -1 -1 -1 32 40 -1 -1 16 -1 3 37 19 -1 -1 35 28 -1 9 20 -1 23 -1 22 -1 20 24 -1 20 -1 -1 -1 26 14 -1 20 35 9 -1 8 -1 -1 -1 30 -1 20 -1 -1 13 -1 21 16 -1 -1 23 20 -1 14 29 17 41 -1 -1 25
9 16 20 25 -1 20 33 -1 -1 39 36 -1 -1 -1 17 -1 -1 6 -1 -1 -1 24 29 24 -1 22 14 18 16 40 26 32 -1 -1 14 -1 -1 -1 32 0 23 18 -1 -1 -1 -1 -1 -1 15 6 -1 -1 -1 28 24 -1 -1 36 -1 -1 -1 13 -1 32 -1 34 8 16 34 20 15 22 11 -1 -1 23 34 42 5 12 -1 -1 25 13 -1 24 19 13 32 44 -1 -1 -1 30 36 -1 -1 -1 -1 -1 31 5 31 -1 -1 27 21 -1 -1 21 -1 -1 -1 -1 16 -1 34 -1 14 -1 -1 -1 20 -1 -1 10 21 -1 -1 34 26 17 -1 -1 -1 29 16 26 -1 43 12 -1 -1 22 -1 11 -1 -1 30 29
-1 -1 40 -1 17 -1 20 16 19 30 40 22 10 22 40 22 -1 2 -1 -1 41 17 30 21 -1 19 9 -1 32 -1 25 27 20 -1 45 -1 5 -1 28 23 -1 21 -1 -1 -1 21 24 -1 -1 35 -1 32 15 -1 -1 3 -1 -1 26 33 32 26 16 24 38 5 -1 -1 -1 -1 35 -1 32 -1 -1 -1 -1 27 24 -1 -1 -1 -1 -1 18 -1 26 -1 -1 5 -1 36 23 35 17 33 39 4 5 18 30 34 14 35 44 44 25 -1 28 -1 -1 -1 -1 40 -1 22 20 20 -1 -1 32 10 10 -1 -1 -1 17 26 -1 -1 -1 -1 31 -1 12 -1 -1 -1 -1 24 38 27 20 -1 22 21 35 -1 -1 -1
18 24 20 5 -1 6 23 -1 -1 -1 -1 26 26 -1 -1 -1 -1 -1 18 31 28 25 14 7 -1 23 13 18 -1 9 27 22 -1 26 -1 -1 -1 -1 -1 18 21 -1 -1 -1 -1 -1 -1 -1 -1 -1 40 -1 23 21 26 -1 -1 23 26 38 -1 -1 15 -1 41 26 -1 -1 -1 25 -1 -1 30 39 -1 -1 22 34 40 20 26 31 -1 27 -1 37 44 -1 -1 -1 -1 -1 21 23 21 -1 35 21 19 27 20 -1 19 33 -1 31 -1 17 30 21 22 11 -1 38 -1 -1 26 -1 43 15 27 -1 -1 31 32 28 4 -1 27 -1 -1 31 -1 16 -1 12 10 -1 33 20 22 -1 -1 -1 16 10 -1 -1 23 -1
-1 -1 24 -1 -1 -1 33 20 24 -1 34 -1 -1 16 26 40 -1 31 -1 18 18 -1 -1 -1 11 -1 12 18 -1 -1 18 -1 -1 36 -1 24 16 -1 -1 -1 -1 -1 0 -1 -1 -1 17 34 21 26 20 35 18 -1 15 29 28 -1 46 -1 -1 -1 -1 -1 20 17 19 10 31 9 -1 -1 26 -1 29 -1 27 -1 28 -1 14 44 27 25 23 21 -1 30 31 41 26 19 -1 10 17 -1 -1 37 16 13 -1 35 -1 3 -1 21 -1 20 35 -1 18 7 12 -1 -1 -1 23 -1 -1 32 -1 33 9 -1 19 23 -1 39 -1 -1 27 32 27 -1 -1 44 -1 9 -1 28 38 21 27 -1 35 13 -1 -1 -1 -1
21 33 18 32 20 4 18 37 -1 17 2 -1 -1 25 -1 -1 -1 22 28 -1 -1 -1 24 -1 -1 -1 -1 12 35 -1 -1 -1 15 18 -1 20 8 12 -1 -1 -1 -1 -1 0 18 -1 29 -1 29 37 22 25 42 11 -1 38 33 45 22 30 -1 28 33 -1 11 14 -1 -1 25 45 -1 19 15 -1 -1 37 -1 6 12 34 -1 20 44 26 -1 33 -1 -1 26 8 18 -1 31 23 13 19 18 29 -1 -1 30 -1 -1 19 -1 26 27 21 -1 -1 35 -1 12 25 39 19 14 16 19 -1 -1 17 -1 -1 25 20 -1 -1 -1 7 8 22 -1 -1 41 -1 13 13 34 -1 -1 31 6 -1 31 20 11 -1 30 -1
30 14 28 -1 26 24 14 2 25 -1 14 10 44 22 -1 6 33 30 -1 -1 27 48 29 19 12 20 -1 -1 23 21 -1 28 -1 -1 -1 20 -1 6 22 -1 -1 -1 -1 18 0 12 35 9 -1 36 -1 29 -1 23 13 -1 19 10 25 26 -1 -1 -1 29 6 -1 8 35 35 -1 38 22 -1 -1 18 6 33 18 24 -1 -1 34 19 6 22 11 31 -1 -1 45 35 -1 -1 28 35 18 -1 42 -1 -1 31 12 -1 -1 -1 37 -1 -1 -1 -1 35 41 -1 42 -1 25 40 -1 42 20 -1 29 21 -1 -1 25 39 42 19 15 -1 7 34 23 -1 19 -1 26 31 27 -1 34 -1 -1 17 -1 -1 -1 17 47
-1 30 10 43 37 -1 32 34 -1 -1 44 35 26 -1 26 -1 34 -1 -1 -1 -1 -1 30 17 -1 -1 40 21 13 25 -1 -1 33 25 29 -1 24 32 38 -1 21 -1 -1 -1 12 0 29 22 32 42 22 25 38 -1 -1 11 7 26 13 -1 -1 23 47 21 44 -1 36 -1 -1 40 4 -1 -1 -1 5 -1 15 35 -1 -1 -1 -1 18 -1 -1 -1 -1 20 -1 29 23 34 -1 27 -1 37 -1 -1 30 17 -1 22 26 -1 -1 16 -1 23 27 -1 -1 29 22 -1 17 -1 8 -1 32 -1 -1 39 23 -1 14 21 7 -1 -1 -1 -1 -1 -1 -1 26 -1 -1 20 -1 18 30 4 22 15 13 -1 -1 -1 20 -1
-1 20 -1 13 14 29 -1 -1 28 32 -1 25 -1 28 -1 -1 34 49 -1 37 15 -1 18 14 9 10 23 -1 28 -1 44 4 -1 20 -1 13 -1 -1 -1 -1 24 -1 17 29 35 29 0 25 20 46 24 25 -1 27 23 41 29 -1 15 21 19 16 28 17 -1 -1 -1 30 -1 -1 13 -1 -1 -1 -1 -1 14 -1 -1 -1 14 19 -1 36 9 30 12 -1 32 25 19 27 -1 15 27 23 -1 -1 -1 35 -1 -1 20 -1 -1 37 -1 -1 -1 -1 -1 25 32 -1 30 -1 42 -1 16 -1 20 -1 25 -1 -1 15 -1 16 40 -1 24 31 -1 21 24 -1 -1 -1 -1 35 31 28 -1 22 20 -1 -1 20 -1 26
40 22 14 22 25 29 9 32 17 -1 21 25 -1 -1 17 16 3 25 20 31 31 12 -1 16 -1 31 21 25 -1 14 -1 -1 28 29 -1 -1 -1 -1 37 -1 -1 -1 34 -1 9 22 25 0 9 46 16 -1 -1 -1 25 10 -1 -1 -1 -1 14 30 -1 -1 -1 46 33 10 16 -1 17 -1 35 40 8 -1 -1 33 35 27 -1 28 -1 -1 -1 -1 -1 -1 -1 29 41 41 39 -1 10 30 19 29 8 21 -1 -1 -1 15 -1 25 -1 12 -1 18 16 28 19 -1 -1 23 27 27 -1 43 27 22 36 -1 22 39 -1 -1 -1 -1 -1 26 -1 21 -1 15 36 -1 24 -1 40 22 14 -1 -1 -1 -1 30 -1 34
24 -1 19 -1 33 12 -1 -1 -1 44 22 -1 8 -1 -1 14 -1 -1 39 -1 -1 -1 -1 35 -1 -1 -1 39 14 3 18 -1 -1 35 40 -1 22 21 -1 15 -1 -1 21 29 -1 32 20 9 0 31 -1 11 -1 -1 13 15 20 -1 -1 27 33 -1 -1 1 -1 -1 -1 18 -1 -1 7 11 16 23 -1 24 -1 36 9 8 -1 17 25 37 -1 37 21 26 6 -1 25 29 17 23 37 23 17 18 -1 46 34 -1 35 -1 32 27 31 8 -1 -1 13 -1 -1 -1 -1 -1 -1 -1 -1 41 -1 -1 -1 36 -1 18 12 -1 43 48 -1 -1 28 10 25 -1 -1 27 13 -1 38 -1 8 -1 23 4 -1 32 12 -1
36 9 29 16 8 41 -1 -1 16 23 10 -1 -1 -1 -1 -1 -1 14 -1 24 31 -1 -1 35 -1 -1 20 26 -1 10 27 26 -1 31 38 21 27 6 37 6 35 -1 26 37 36 42 46 46 31 0 -1 -1 -1 8 15 -1 12 -1 35 -1 10 33 30 24 42 25 -1 25 34 30 22 19 23 -1 -1 21 21 31 -1 30 -1 -1 -1 19 -1 -1 4 38 -1 39 5 19 22 13 -1 29 -1 -1 -1 -1 38 38 -1 20 24 -1 40 7 15 -1 -1 39 -1 -1 26 13 26 20 -1 -1 10 32 -1 9 -1 32 -1 -1 37 14 -1 -1 18 30 -1 32 29 -1 -1 -1 -1 13 38 -1 -1 -1 30 36 20 34
18 -1 32 22 -1 -1 24 -1 30 37 31 32 44 28 18 36 38 -1 -1 24 29 -1 12 5 -1 -1 -1 -1 34 -1 -1 -1 47 29 22 21 -1 -1 33 -1 -1 40 20 22 -1 22 24 16 -1 -1 -1 15 -1 -1 21 31 -1 43 12 -1 30 23 -1 -1 18 34 20 20 12 -1 -1 -1 21 37 -1 -1 -1 18 30 -1 26 -1 -1 34 11 -1 -1 26 33 -1 -1 17 23 -1 22 38 14 12 -1 -1 -1 18 -1 -1 19 -1 -1 45 26 -1 31 29 32 26 33 -1 33 -1 -1 35 -1 9 -1 36 18 12 -1 -1 22 18 -1 27 32 -1 22 29 -1 -1 -1 31 25 -1 35 39 -1 41 19 11 27 20
-1 -1 17 -1 -1 -1 8 31 15 31 3 -1 31 -1 17 20 28 9 14 -1 15 -1 16 26 -1 -1 23 19 -1 32 -1 38 30 26 31 -1 30 22 24 -1 32 -1 35 25 29 25 25 -1 11 -1 15 -1 -1 29 6 21 -1 -1 33 15 -1 -1 -1 -1 -1 21 32 -1 20 18 -1 35 11 -1 -1 13 -1 21 -1 15 42 17 -1 48 -1 -1 32 -1 -1 17 -1 16 28 -1 26 31 21 30 19 -1 17 45 30 -1 -1 -1 15 35 31 -1 -1 -1 -1 25 -1 29 13 13 33 -1 8 -1 -1 13 4 32 16 23 -1 -1 -1 -1 19 -1 17 31 28 3 -1 18 22 -1 -1 -1 31 25 12 20 9 -1
-1 18 -1 29 16 16 -1 -1 -1 16 -1 30 41 -1 -1 -1 6 27 20 -1 8 -1 30 -1 -1 34 40 -1 30 13 -1 23 26 16 16 26 -1 -1 -1 -1 15 23 18 42 -1 38 -1 -1 -1 -1 -1 -1 -1 34 13 -1 -1 -1 29 11 -1 -1 31 9 -1 3 24 27 -1 5 32 33 29 -1 -1 23 -1 23 -1 22 -1 32 30 -1 -1 34 44 34 17 -1 42 -1 -1 4 20 14 -1 30 19 11 25 -1 -1 11 -1 -1 27 29 -1 -1 -1 -1 -1 33 -1 20 -1 23 -1 -1 5 -1 -1 26 -1 22 20 -1 12 -1 -1 21 19 48 25 -1 -1 9 41 42 -1 -1 27 36 15 -1 -1 33 19 -1
26 19 12 25 27 -1 27 34 18 11 -1 -1 -1 22 -1 9 8 28 -1 -1 -1 40 -1 -1 -1 43 -1 25 -1 15 29 24 -1 33 11 35 -1 -1 20 28 -1 21 -1 11 23 -1 27 -1 -1 8 -1 29 34 -1 -1 16 40 20 -1 28 -1 39 -1 40 34 32 -1 19 35 33 -1 -1 -1 3 -1 32 20 -1 16 -1 41 -1 14 19 -1 32 -1 38 -1 21 25 -1 -1 -1 21 -1 -1 29 28 -1 12 -1 28 22 28 -1 -1 -1 29 -1 -1 47 31 -1 -1 22 -1 -1 -1 -1 27 17 -1 29 -1 -1 -1 20 39 29 -1 -1 37 42 -1 -1 20 -1 2 -1 15 23 44 27 -1 38 30 -1 25 28
17 22 37 -1 -1 27 -1 -1 8 38 29 29 27 -1 15 -1 -1 19 -1 36 -1 -1 23 -1 8 17 34 11 12 -1 22 -1 10 38 17 -1 26 30 24 24 -1 26 15 -1 13 -1 23 25 13 15 21 6 13 -1 0 29 33 -1 20 17 -1 13 4 32 39 21 -1 -1 29 32 -1 22 35 -1 -1 -1 14 20 27 -1 -1 41 31 -1 16 22 -1 -1 43 34 32 -1 -1 -1 -1 -1 37 38 -1 18 29 -1 -1 -1 -1 -1 -1 20 9 29 47 4 -1 8 -1 40 -1 -1 18 11 10 16 24 16 5 27 42 -1 27 -1 -1 -1 -1 9 31 25 31 -1 35 -1 -1 22 29 20 -1 42 17 37 22 -1
-1 -1 12 -1 22 -1 -1 4 22 -1 -1 34 -1 -1 12 27 21 9 -1 26 -1 -1 -1 3 20 -1 41 32 -1 -1 35 -1 14 -1 20 23 19 -1 29 -1 3 -1 29 38 -1 11 41 10 15 -1 31 21 -1 16 29 -1 -1 21 -1 8 29 5 25 23 4 29 37 -1 38 -1 11 19 45 26 -1 -1 28 -1 -1 -1 18 18 35 -1 -1 17 19 24 -1 36 -1 -1 18 10 17 38 -1 -1 16 -1 -1 17 34 40 -1 -1 19 -1 -1 39 -1 30 27 28 -1 -1 32 30 21 -1 -1 -1 22 -1 44 34 -1 25 -1 25 24 -1 32 -1 15 9 -1 -1 -1 33 -1 15 12 -1 -1 21 12 -1 -1 27
-1 -1 19 -1 29 19 -1 43 35 15 -1 9 27 19 25 30 41 20 17 37 22 -1 -1 -1 -1 26 9 -1 -1 -1 -1 25 34 -1 28 9 28 -1 -1 -1 -1 -1 28 33 19 7 29 -1 20 12 -1 -1 -1 40 33 -1 -1 25 -1 -1 25 18 31 29 11 -1 -1 -1 -1 -1 30 41 27 22 29 -1 31 11 14 -1 21 26 -1 -1 20 3 6 38 5 41 -1 10 27 25 -1 19 16 17 36 -1 30 31 41 3 -1 30 3 37 37 -1 -1 13 20 -1 -1 30 33 33 7 -1 17 -1 -1 21 24 44 -1 -1 20 -1 18 -1 38 43 -1 25 -1 19 -1 -1 -1 31 10 23 -1 30 43 -1 6 -1
20 -1 20 15 38 19 22 22 41 38 -1 -1 32 23 16 29 7 -1 -1 -1 31 -1 32 -1 33 -1 16 13 16 -1 41 -1 41 31 26 37 -1 27 -1 36 -1 23 -1 45 10 26 -1 -1 -1 -1 43 -1 -1 20 -1 21 25 0 34 -1 -1 -1 -1 29 20 43 -1 22 22 22 -1 -1 -1 -1 -1 15 42 -1 27 26 24 49 20 16 -1 -1 -1 7 -1 -1 30 18 -1 -1 7 22 -1 -1 21 37 27 -1 -1 -1 -1 33 37 16 19 22 24 -1 19 17 20 -1 19 31 21 14 -1 30 40 16 34 32 14 47 -1 15 -1 33 -1 5 -1 21 16 -1 -1 -1 45 -1 26 -1 -1 -1 15 25 -1 -1
-1 17 -1 -1 -1 12 21 -1 32 -1 -1 -1 -1 18 30 -1 16 16 -1 -1 -1 -1 19 -1 -1 21 12 24 28 -1 30 13 -1 16 36 33 -1 -1 -1 -1 26 26 46 22 25 13 15 -1 -1 35 12 33 29 -1 20 -1 -1 34 0 -1 -1 35 15 27 -1 -1 43 25 16 -1 -1 -1 11 26 25 -1 25 21 26 -1 -1 22 31 -1 -1 25 21 -1 33 -1 19 22 -1 -1 -1 21 15 4 19 -1 19 -1 21 -1 -1 26 26 -1 -1 -1 28 22 3 -1 29 39 -1 -1 18 19 -1 -1 16 45 18 -1 -1 34 -1 -1 27 27 -1 12 24 -1 33 21 -1 47 -1 -1 -1 -1 30 45 -1 32 -1 -1
38 -1 -1 36 -1 -1 28 25 24 15 -1 32 31 -1 9 34 28 35 -1 27 19 -1 22 19 34 18 -1 -1 28 -1 27 -1 38 11 23 28 -1 13 23 -1 33 38 -1 30 26 -1 21 -1 27 -1 -1 15 11 28 17 8 -1 -1 -1 -1 -1 -1 29 25 -1 17 40 34 18 37 31 -1 13 29 15 18 -1 33 15 35 -1 -1 29 33 49 35 12 22 -1 30 15 -1 25 28 -1 -1 18 22 19 29 17 23 33 -1 -1 -1 27 32 10 20 -1 -1 27 -1 19 -1 44 -1 35 -1 -1 24 25 -1 -1 7 41 25 -1 19 -1 43 -1 10 3 -1 26 22 -1 -1 -1 23 16 -1 -1 -1 -1 -1 24 -1
40 39 31 -1 23 37 -1 12 -1 33 5 32 42 -1 -1 -1 -1 -1 -1 26 -1 5 33 27 -1 -1 40 16 -1 41 -1 26 9 29 42 -1 26 7 22 -1 32 -1 -1 -1 -1 -1 19 14 33 10 30 -1 -1 -1 -1 29 25 -1 -1 -1 -1 30 22 -1 27 26 23 -1 22 9 -1 -1 -1 5 -1 19 30 -1 29 38 -1 -1 23 6 14 34 16 -1 -1 -1 -1 38 -1 -1 32 16 36 -1 19 -1 -1 28 33 16 37 7 25 45 29 31 -1 32 -1 37 24 -1 -1 -1 -1 -1 31 -1 40 24 -1 44 -1 24 29 -1 43 42 14 -1 -1 -1 -1 16 2 -1 33 -1 -1 16 25 34 -1 -1 15 23
-1 7 -1 -1 -1 37 -1 -1 19 -1 -1 26 18 47 -1 -1 33 -1 -1 -1 -1 36 -1 15 38 23 -1 -1 -1 38 -1 -1 1 -1 6 28 14 29 -1 13 26 -1 -1 28 -1 23 16 30 -1 33 23 -1 -1 39 13 5 18 -1 35 -1 30 0 -1 22 -1 -1 -1 19 36 -1 37 18 -1 -1 39 -1 -1 -1 -1 -1 -1 -1 25 16 -1 15 -1 37 28 27 -1 -1 27 25 24 26 -1 -1 12 -1 14 9 14 21 9 44 -1 25 -1 -1 -1 24 -1 -1 -1 26 24 15 -1 -1 25 -1 20 -1 25 23 -1 19 27 25 34 20 31 -1 -1 -1 -1 -1 28 -1 5 22 25 26 -1 21 -1 23 -1 33
29 16 38 -1 -1 -1 40 24 47 -1 19 36 24 19 -1 16 36 23 36 27 -1 -1 -1 -1 43 -1 26 28 -1 -1 -1 25 10 -1 -1 -1 12 20 18 -1 16 15 -1 33 -1 47 28 -1 -1 30 -1 -1 31 -1 4 25 31 -1 15 29 22 -1 0 -1 26 -1 32 -1 24 -1 13 30 15 42 -1 27 16 35 29 -1 22 26 -1 35 13 -1 -1 -1 -1 -1 13 24 17 35 9 27 -1 30 39 47 -1 13 -1 12 42 26 -1 5 8 -1 26 -1 4 29 31 25 -1 -1 35 -1 -1 22 -1 -1 -1 25 -1 31 -1 16 39 32 30 10 21 -1 13 35 -1 17 -1 21 26 23 -1 33 32 -1 -1 -1
-1 8 28 -1 16 11 11 -1 -1 9 23 20 20 32 34 33 -1 30 38 21 -1 19 -1 -1 9 14 30 -1 10 -1 -1 -1 -1 9 36 -1 45 -1 28 32 24 -1 -1 -1 29 21 17 -1 1 24 -1 -1 9 40 32 23 29 29 27 25 -1 22 -1 0 -1 -1 28 27 25 -1 -1 -1 29 23 20 35 -1 -1 -1 7 20 -1 20 -1 -1 -1 16 15 28 16 29 27 9 -1 32 16 31 -1 -1 -1 20 -1 33 40 18 45 11 25 15 24 44 13 22 -1 47 43 37 -1 33 4 23 32 -1 15 21 22 32 -1 23 21 22 -1 16 -1 -1 -1 -1 -1 -1 -1 -1 -1 23 31 -1 24 -1 19 -1 -1
30 12 -1 41 8 7 -1 35 32 -1 -1 -1 15 31 36 31 31 -1 1 -1 -1 -1 -1 -1 -1 -1 21 -1 15 -1 24 -1 40 -1 36 -1 15 -1 27 -1 38 41 20 11 6 44 -1 -1 -1 42 18 -1 -1 34 39 4 11 20 -1 -1 27 -1 26 -1 0 41 25 -1 33 42 19 23 9 -1 -1 27 -1 18 -1 21 -1 16 28 25 -1 3 29 -1 16 -1 -1 18 13 -1 25 -1 -1 -1 -1 -1 25 -1 11 42 32 27 23 17 9 28 33 26 31 -1 -1 -1 15 -1 -1 33 32 11 17 13 34 -1 22 31 -1 16 13 20 -1 14 14 35 -1 -1 26 23 -1 20 25 19 18 -1 8 38 31 -1
-1 13 25 29 26 15 -1 40 -1 -1 45 -1 46 23 -1 -1 -1 27 15 19 24 -1 13 20 20 48 9 21 35 -1 43 -1 -1 38 21 12 -1 38 34 34 5 26 17 14 -1 -1 -1 46 -1 25 34 21 3 32 21 29 -1 43 -1 17 26 -1 -1 -1 41 -1 -1 17 -1 35 27 -1 20 -1 16 -1 -1 28 -1 28 -1 13 23 -1 31 32 28 -1 28 -1 23 -1 22 19 30 -1 21 40 -1 35 42 -1 34 31 28 25 22 -1 -1 -1 -1 -1 -1 -1 -1 25 -1 34 31 -1 28 20 -1 34 15 34 -1 -1 23 -1 6 -1 -1 -1 37 41 11 24 -1 -1 38 42 -1 38 -1 -1 17 -1 47 -1
15 16 20 -1 5 -1 13 22 10 21 -1 25 24 33 14 -1 5 -1 17 -1 18 -1 -1 41 -1 16 27 -1 4 22 -1 19 25 -1 6 -1 34 -1 -1 8 -1 -1 19 -1 8 36 -1 33 -1 -1 20 32 24 -1 -1 37 -1 -1 43 40 23 -1 32 28 25 -1 -1 13 28 -1 47 -1 -1 -1 45 11 -1 18 27 23 27 -1 13 23 -1 -1 21 -1 23 24 18 -1 -1 27 -1 21 -1 36 31 -1 33 -1 23 27 -1 17 -1 -1 32 24 -1 28 -1 17 36 -1 -1 30 32 23 27 20 -1 21 13 25 6 17 24 20 -1 35 43 43 23 24 -1 33 31 -1 -1 28 27 -1 -1 28 14 -1 35 25
17 -1 -1 18 -1 29 38 37 40 -1 -1 -1 32 21 -1 -1 17 28 25 15 23 -1 18 42 -1 -1 -1 4 25 -1 18 -1 -1 -1 -1 19 -1 -1 36 16 -1 -1 10 -1 35 -1 30 10 18 25 20 -1 27 19 -1 -1 -1 22 25 34 -1 19 -1 27 -1 17 13 0 -1 23 21 -1 37 17 21 4 6 31 -1 -1 8 -1 -1 -1 21 36 -1 20 -1 11 -1 26 31 13 -1 43 28 22 37 -1 -1 -1 24 -1 10 22 -1 34 21 21 22 20 -1 40 -1 -1 -1 -1 35 -1 10 23 23 4 -1 27 -1 -1 -1 -1 -1 21 -1 31 -1 23 -1 25 18 -1 -1 5 -1 37 -1 46 14 -1 29 23
5 16 21 21 -1 -1 20 31 10 -1 43 8 25 9 -1 -1 -1 -1 31 32 20 30 7 -1 22 -1 9 -1 34 11 -1 25 31 -1 -1 -1 -1 -1 -1 34 -1 -1 31 25 35 -1 -1 16 -1 34 12 20 -1 35 29 38 -1 22 16 18 22 36 24 25 33 -1 28 -1 0 33 30 19 -1 -1 -1 -1 19 30 30 33 -1 5 35 40 17 -1 18 -1 28 -1 21 37 -1 31 25 -1 30 -1 28 27 -1 39 24 23 31 30 -1 -1 24 -1 -1 17 -1 24 32 33 -1 18 20 25 -1 -1 -1 28 -1 41 -1 -1 8 23 -1 33 15 39 -1 20 20 15 7 19 24 37 17 8 5 34 24 -1 9 22
32 -1 37 12 -1 -1 18 39 -1 20 23 -1 -1 8 30 42 15 26 -1 10 -1 -1 20 -1 8 -1 -1 34 7 30 -1 -1 27 31 -1 -1 16 41 42 20 -1 25 9 45 -1 40 -1 -1 -1 30 -1 18 5 33 32 -1 -1 22 -1 37 9 -1 -1 -1 42 35 -1 23 33 0 23 20 32 -1 -1 27 -1 37 -1 29 -1 -1 -1 26 -1 15 -1 -1 33 5 -1 -1 26 21 13 -1 -1 -1 -1 -1 9 -1 29 -1 9 -1 18 -1 -1 16 -1 19 -1 -1 -1 -1 -1 9 -1 20 15 27 -1 34 -1 30 30 -1 -1 43 21 -1 27 -1 24 26 -1 -1 15 10 21 17 -1 17 32 34 38 -1 -1 37
-1 -1 28 -1 16 -1 19 -1 20 20 17 28 -1 -1 34 -1 -1 16 21 28 -1 -1 7 14 36 16 8 27 25 -1 4 17 36 -1 -1 37 5 24 22 15 35 -1 -1 -1 38 4 13 17 7 22 -1 -1 32 -1 -1 11 30 -1 -1 31 -1 37 13 -1 19 27 47 21 30 23 0 29 -1 -1 -1 -1 -1 17 -1 21 10 -1 36 42 -1 10 19 27 31 -1 23 42 10 22 -1 -1 24 -1 41 24 -1 26 38 -1 33 -1 18 -1 -1 40 27 -1 -1 -1 5 24 36 -1 -1 -1 29 23 -1 14 31 -1 -1 15 22 22 -1 18 14 -1 -1 -1 7 -1 22 -1 35 21 -1 14 -1 -1 28 -1 -1 -1
16 35 23 -1 17 14 14 33 35 42 -1 -1 36 -1 47 19 -1 34 9 32 20 -1 25 22 25 18 -1 28 20 20 33 35 25 18 -1 35 23 -1 -1 22 -1 -1 -1 19 22 -1 -1 -1 11 19 -1 35 33 -1 22 19 41 -1 -1 -1 -1 18 30 -1 23 -1 -1 -1 19 20 29 0 17 19 -1 -1 33 21 18 -1 -1 -1 -1 13 40 34 20 28 21 3 -1 -1 39 28 -1 27 -1 -1 14 -1 -1 26 -1 31 -1 32 21 19 14 -1 -1 -1 6 -1 -1 -1 -1 14 21 34 11 23 29 15 -1 39 31 -1 -1 -1 -1 27 -1 -1 24 27 23 9 22 -1 -1 -1 25 28 -1 -1 -1 29 27 -1
27 -1 8 -1 16 -1 -1 26 17 29 19 12 -1 -1 -1 -1 -1 18 17 5 -1 36 16 26 -1 15 -1 -1 22 34 20 11 25 -1 23 -1 -1 35 32 11 32 30 26 15 -1 -1 -1 35 16 23 21 11 29 -1 35 45 27 -1 11 13 -1 -1 15 29 9 20 -1 37 -1 32 -1 17 0 33 28 11 23 -1 26 33 21 -1 36 -1 17 21 19 -1 21 16 18 -1 -1 28 -1 24 44 -1 12 -1 -1 11 -1 24 18 9 12 25 12 27 9 17 26 -1 27 39 -1 10 22 38 -1 35 26 -1 28 24 -1 36 -1 -1 25 -1 -1 31 -1 32 23 -1 -1 30 -1 33 -1 -1 33 26 29 6 25 29
25 -1 25 -1 42 -1 27 41 -1 13 -1 32 20 11 33 29 -1 -1 32 -1 16 -1 13 -1 -1 14 29 25 42 -1 -1 -1 -1 47 -1 -1 27 17 37 -1 -1 39 -1 -1 -1 -1 -1 40 23 -1 37 -1 -1 3 -1 26 22 -1 26 29 5 -1 42 23 -1 -1 -1 17 -1 -1 -1 19 33 0 11 43 41 -1 -1 30 39 9 28 18 36 -1 -1 13 -1 -1 23 -1 -1 -1 39 21 24 -1 39 28 25 19 -1 31 -1 34 26 -1 -1 -1 -1 -1 30 23 -1 23 16 24 26 -1 -1 -1 -1 2 32 -1 -1 43 -1 -1 22 10 -1 -1 24 16 25 -1 33 11 27 -1 -1 32 -1 15 40 26 15 -1
-1 -1 28 -1 -1 17 -1 25 41 -1 31 -1 15 7 -1 -1 33 29 22 34 -1 35 -1 -1 6 -1 -1 -1 -1 48 -1 -1 12 -1 -1 41 31 -1 22 -1 -1 -1 29 -1 18 5 -1 8 -1 -1 -1 -1 -1 -1 -1 -1 29 -1 25 15 -1 39 -1 20 -1 16 45 21 -1 -1 -1 -1 28 11 0 45 -1 23 -1 -1 -1 -1 -1 22 22 39 29 9 -1 39 5 -1 -1 25 26 36 24 24 28 -1 8 26 29 44 -1 32 -1 -1 -1 29 26 -1 18 21 -1 30 -1 -1 25 28 -1 16 23 -1 -1 -1 18 -1 -1 40 29 18 -1 36 -1 -1 -1 -1 -1 19 -1 -1 -1 14 -1 39 28 45 30 -1
-1 39 28 30 -1 -1 24 22 33 -1 28 28 30 31 37 -1 -1 -1 26 -1 -1 -1 -1 5 20 30 -1 22 -1 13 -1 -1 -1 31 -1 21 16 -1 11 23 -1 -1 -1 37 6 -1 -1 -1 24 21 -1 13 23 32 -1 -1 -1 15 -1 18 19 -1 27 35 27 -1 11 4 -1 27 -1 -1 11 43 45 0 -1 26 -1 33 8 -1 -1 29 16 27 29 41 -1 -1 -1 19 34 -1 -1 40 47 39 42 37 42 16 31 26 15 22 30 28 6 25 25 -1 21 30 -1 -1 22 12 20 36 -1 34 -1 17 19 -1 16 -1 -1 -1 14 -1 -1 -1 16 -1 26 28 37 -1 -1 27 -1 25 41 27 -1 33 11 -1
-1 48 -1 7 -1 15 34 -1 -1 6 -1 37 12 21 -1 -1 -1 13 -1 13 19 -1 16 -1 -1 -1 25 20 26 38 31 -1 -1 44 16 44 21 33 -1 34 -1 22 27 -1 33 15 14 -1 -1 21 -1 -1 -1 20 14 28 31 42 25 -1 30 -1 16 -1 -1 -1 -1 6 19 -1 -1 33 23 41 -1 -1 0 23 3 25 -1 28 12 44 8 31 22 17 29 33 26 8 24 -1 12 23 -1 -1 -1 -1 20 19 -1 33 17 7 -1 -1 37 12 23 33 -1 -1 33 -1 23 11 -1 38 46 -1 15 37 -1 -1 15 12 17 27 28 43 -1 21 -1 37 -1 -1 -1 30 -1 12 29 -1 27 13 22 13 31 22
31 -1 40 -1 26 21 28 -1 11 -1 19 -1 23 26 26 -1 30 26 45 -1 29 -1 9 -1 -1 15 -1 -1 -1 17 -1 21 -1 -1 36 25 24 -1 -1 42 27 34 -1 6 18 35 -1 33 36 31 18 21 23 -1 20 -1 11 -1 21 33 -1 -1 35 -1 18 28 18 31 30 37 17 21 -1 -1 23 26 23 0 32 7 9 28 24 -1 8 -1 32 34 -1 17 21 40 31 22 -1 29 29 38 -1 -1 -1 26 -1 -1 23 26 34 -1 -1 15 19 15 42 -1 31 10 -1 -1 26 -1 -1 18 -1 14 30 15 22 27 -1 -1 46 -1 16 -1 19 -1 -1 20 -1 -1 22 21 -1 -1 -1 -1 -1 10 -1 35
35 26 -1 9 -1 27 -1 -1 16 9 26 -1 30 13 21 -1 -1 16 -1 10 17 23 -1 11 25 -1 -1 30 11 -1 -1 -1 14 -1 25 -1 -1 5 -1 5 24 40 28 12 24 -1 -1 35 9 -1 30 -1 -1 16 27 -1 14 27 26 15 29 -1 29 -1 -1 -1 27 -1 30 -1 -1 18 26 -1 -1 -1 3 32 0 -1 -1 -1 13 -1 -1 -1 32 21 16 -1 30 -1 25 -1 -1 -1 7 22 -1 11 19 -1 30 -1 25 -1 -1 -1 -1 -1 26 22 28 -1 -1 -1 -1 -1 44 -1 -1 3 -1 20 22 36 41 -1 -1 16 -1 28 38 -1 -1 3 13 29 -1 40 19 -1 22 -1 -1 -1 19 -1 40 32
25 -1 -1 35 21 44 25 -1 -1 13 22 18 29 18 20 -1 17 16 37 -1 19 22 14 -1 29 27 -1 -1 27 32 -1 -1 21 26 25 18 9 -1 32 12 -1 20 -1 34 -1 -1 -1 27 8 30 -1 15 22 -1 -1 -1 -1 26 -1 35 38 -1 -1 7 21 28 23 -1 33 29 21 -1 33 30 -1 33 25 7 -1 -1 8 24 27 -1 -1 -1 38 -1 33 -1 -1 -1 -1 15 27 14 -1 20 -1 8 -1 43 10 29 11 -1 11 26 23 9 37 2 -1 29 19 28 41 -1 35 12 17 -1 -1 -1 -1 38 -1 -1 37 15 -1 -1 30 -1 18 -1 -1 21 20 11 39 39 -1 -1 -1 -1 -1 38 -1 -1
-1 -1 10 -1 25 18 23 14 -1 20 23 22 19 -1 31 36 -1 25 -1 -1 26 -1 -1 -1 -1 26 37 -1 -1 -1 21 -1 -1 -1 5 -1 -1 36 34 -1 -1 26 14 -1 -1 -1 14 -1 -1 -1 26 42 -1 41 -1 18 21 24 -1 -1 -1 -1 22 20 -1 -1 27 8 -1 -1 10 -1 21 39 -1 8 -1 9 -1 8 0 26 37 27 -1 26 21 16 21 -1 34 -1 34 -1 20 -1 8 5 -1 18 -1 21 -1 8 29 -1 37 27 27 20 21 -1 19 30 22 5 24 -1 -1 7 -1 28 34 -1 30 7 -1 -1 -1 -1 -1 35 23 13 -1 16 -1 -1 25 23 -1 28 -1 -1 14 -1 34 -1 -1 30
14 11 9 30 -1 14 25 24 -1 23 17 38 -1 16 20 -1 23 35 21 -1 8 26 30 30 21 9 -1 13 -1 -1 38 17 -1 -1 -1 -1 45 -1 -1 -1 -1 31 44 20 34 -1 19 28 17 -1 -1 17 32 -1 41 18 26 49 22 -1 -1 -1 26 -1 16 13 -1 -1 5 -1 -1 -1 -1 9 -1 -1 28 28 -1 24 26 0 -1 -1 31 -1 24 25 -1 30 -1 35 -1 -1 20 47 19 15 18 8 23 32 -1 36 28 30 23 -1 -1 44 39 -1 15 28 24 -1 -1 -1 40 42 28 -1 24 -1 31 -1 19 23 31 27 33 -1 -1 -1 29 -1 26 24 13 27 -1 -1 17 30 23 -1 38 18 39 -1
-1 -1 -1 23 31 -1 -1 -1 15 35 -1 35 17 -1 37 27 -1 40 30 -1 24 34 25 8 36 -1 33 26 27 26 22 9 24 16 25 32 20 38 7 25 -1 -1 27 44 19 18 -1 -1 25 -1 -1 -1 30 14 31 35 -1 20 31 29 23 25 -1 20 28 23 13 -1 35 -1 36 -1 36 28 -1 -1 12 24 13 27 37 -1 -1 -1 -1 30 10 -1 -1 4 20 31 23 -1 38 -1 -1 -1 -1 46 17 9 -1 30 27 -1 28 -1 39 28 -1 17 17 39 14 19 17 17 48 19 31 28 31 -1 43 41 30 -1 34 -1 -1 -1 -1 25 -1 -1 -1 43 -1 -1 -1 18 -1 36 22 21 10 26 33 -1
14 -1 32 -1 25 37 -1 27 35 35 18 -1 45 18 10 33 21 17 -1 15 19 42 28 20 -1 41 -1 -1 20 -1 -1 -1 43 -1 18 23 19 28 -1 13 -1 27 25 26 6 -1 36 -1 37 19 34 48 -1 19 -1 -1 -1 16 -1 33 6 16 35 -1 25 -1 23 -1 40 26 42 13 -1 18 22 29 44 -1 -1 -1 27 -1 -1 0 -1 -1 -1 -1 -1 -1 32 -1 39 21 -1 -1 -1 28 -1 30 -1 -1 28 -1 36 -1 35 36 -1 11 39 20 -1 -1 -1 29 36 25 30 25 21 -1 -1 20 29 29 23 25 -1 7 36 -1 30 -1 14 -1 40 -1 -1 -1 36 21 -1 33 25 -1 16 -1 -1 12
-1 -1 34 22 28 -1 -1 -1 -1 -1 28 -1 -1 21 40 -1 12 -1 -1 13 -1 -1 -1 24 19 14 -1 30 19 -1 29 30 13 24 16 3 20 -1 28 -1 18 -1 23 -1 22 -1 9 -1 -1 -1 11 -1 -1 -1 16 -1 20 -1 -1 49 14 -1 13 -1 -1 31 -1 21 17 -1 -1 40 17 36 22 16 8 8 -1 -1 -1 31 -1 -1 -1 15 25 24 -1 20 -1 30 -1 -1 -1 -1 24 19 27 -1 30 23 22 22 -1 20 30 27 24 -1 -1 11 20 -1 -1 -1 -1 -1 20 -1 -1 -1 -1 19 -1 -1 -1 22 30 21 -1 16 -1 33 -1 -1 7 38 31 -1 19 -1 12 29 -1 34 -1 18 -1 26
34 16 -1 37 -1 -1 -1 38 36 21 12 21 -1 19 36 21 -1 -1 28 -1 -1 38 24 -1 23 -1 13 17 -1 10 -1 34 -1 -1 -1 18 -1 -1 25 24 -1 37 21 33 11 -1 30 -1 37 -1 -1 -1 34 32 22 17 3 -1 25 35 34 15 -1 -1 3 32 -1 36 -1 15 10 34 21 -1 39 27 31 -1 -1 -1 26 -1 30 -1 15 -1 -1 35 23 22 34 36 14 -1 -1 -1 -1 -1 22 -1 35 -1 -1 24 -1 34 24 35 -1 -1 22 -1 -1 -1 29 9 -1 -1 -1 31 -1 10 -1 -1 26 35 23 21 24 24 -1 33 -1 36 -1 26 22 -1 41 31 -1 46 -1 29 27 23 -1 -1 -1 31
24 -1 -1 13 33 25 39 39 31 23 -1 -1 18 -1 -1 30 47 18 27 19 -1 37 -1 11 -1 -1 21 27 -1 35 -1 -1 -1 5 -1 -1 -1 26 28 19 26 44 -1 -1 31 -1 12 -1 21 4 -1 32 44 -1 -1 19 6 -1 21 12 16 -1 -1 16 29 28 21 -1 18 -1 19 20 19 -1 29 29 22 32 32 38 21 24 10 -1 25 -1 0 16 -1 23 -1 27 40 -1 -1 34 -1 -1 11 23 24 29 -1 6 -1 25 -1 26 41 -1 34 -1 -1 32 -1 -1 -1 27 -1 -1 -1 -1 -1 16 42 -1 -1 -1 22 -1 11 17 -1 -1 21 24 27 -1 -1 -1 26 26 27 -1 -1 -1 36 -1 23 -1
18 22 38 -1 25 30 22 -1 13 -1 30 -1 -1 32 -1 23 -1 -1 -1 -1 11 14 -1 36 -1 24 1 27 37 30 -1 -1 -1 34 19 10 33 37 -1 13 -1 -1 30 -1 -1 20 -1 -1 26 38 26 -1 34 38 -1 24 38 7 -1 22 -1 37 -1 15 -1 -1 -1 20 -1 -1 27 28 -1 13 9 41 17 34 21 -1 16 25 -1 -1 24 35 16 0 -1 -1 -1 10 33 -1 6 27 -1 -1 29 13 33 -1 18 -1 20 12 46 -1 43 -1 -1 -1 -1 -1 36 24 33 23 41 -1 36 27 -1 -1 -1 25 -1 46 12 23 -1 36 16 36 -1 9 29 14 -1 25 -1 40 -1 26 -1 35 -1 -1 -1 -1
29 -1 -1 20 -1 -1 18 7 -1 29 -1 -1 29 20 31 -1 35 -1 19 39 29 24 -1 9 -1 25 26 -1 -1 32 15 5 30 32 25 6 -1 -1 -1 32 -1 -1 31 26 -1 -1 32 -1 6 -1 33 -1 17 -1 43 -1 5 -1 33 -1 -1 28 -1 28 16 28 23 -1 28 33 31 21 21 -1 -1 -1 29 -1 16 33 21 -1 -1 -1 -1 23 -1 -1 0 -1 22 -1 -1 -1 -1 26 43 7 45 22 -1 -1 -1 -1 -1 26 25 3 18 30 -1 13 23 35 -1 -1 36 -1 38 24 19 27 -1 29 30 -1 23 -1 -1 -1 -1 -1 -1 22 26 -1 24 35 27 27 38 35 16 15 -1 29 21 16 -1 11
-1 -1 -1 -1 9 -1 19 14 18 -1 -1 -1 36 45 21 19 37 7 -1 37 -1 37 16 -1 10 23 -1 18 25 9 14 18 29 39 27 -1 -1 -1 -1 44 5 -1 41 8 45 29 25 29 -1 39 -1 17 -1 21 34 36 41 -1 -1 30 -1 27 -1 16 -1 -1 24 11 -1 5 -1 3 16 -1 39 -1 33 17 -1 -1 -1 30 4 -1 20 22 23 -1 -1 0 33 -1 -1 -1 24 -1 -1 -1 -1 15 -1 -1 -1 -1 -1 -1 -1 14 7 34 -1 -1 28 -1 19 10 -1 -1 39 45 25 -1 -1 -1 -1 -1 -1 -1 27 -1 1 -1 -1 23 6 -1 -1 11 19 -1 35 -1 -1 -1 36 28 17 -1 34 -1
7 40 -1 27 36 -1 18 38 36 27 24 22 -1 37 32 -1 -1 -1 18 -1 11 -1 29 -1 11 -1 26 35 23 -1 -1 -1 30 27 2 -1 -1 16 32 -1 -1 -1 26 18 35 23 19 41 25 5 -1 -1 42 25 32 -1 -1 30 19 15 -1 -1 13 29 -1 23 18 -1 21 -1 23 -1 18 23 5 -1 26 21 30 -1 34 -1 20 32 -1 34 -1 -1 22 33 0 7 30 12 17 35 -1 13 7 20 -1 41 28 28 23 -1 28 29 18 13 -1 -1 14 -1 -1 -1 21 30 -1 40 19 27 -1 10 5 17 20 17 -1 28 23 -1 26 29 -1 22 -1 35 15 -1 25 -1 -1 -1 -1 27 35 6 -1 -1
27 -1 21 -1 34 -1 -1 23 27 -1 35 32 -1 -1 -1 39 27 37 -1 26 13 14 -1 -1 17 26 20 27 28 33 -1 18 -1 34 14 32 -1 31 40 -1 36 -1 19 -1 -1 34 27 41 29 19 17 16 -1 -1 -1 -1 10 18 22 -1 38 -1 24 27 18 -1 -1 26 37 -1 42 -1 -1 -1 -1 19 8 40 -1 -1 -1 35 31 -1 30 36 27 10 -1 -1 7 0 20 31 -1 7 23 -1 -1 33 6 -1 -1 20 27 23 25 27 22 -1 -1 -1 -1 10 -1 17 23 -1 28 -1 -1 -1 -1 38 -1 13 18 39 8 28 -1 -1 17 -1 33 -1 11 -1 37 -1 15 -1 10 -1 -1 -1 22 41 42 -1
29 -1 31 30 -1 -1 -1 28 3 25 -1 45 25 36 43 -1 -1 19 25 -1 33 -1 42 39 37 15 21 35 -1 4 -1 22 -1 -1 25 26 19 -1 -1 -1 23 21 -1 31 -1 -1 -1 39 17 22 23 28 -1 -1 -1 18 27 -1 -1 25 -1 27 17 9 13 22 -1 31 -1 26 10 39 -1 -1 -1 34 24 31 25 -1 34 -1 23 39 -1 14 40 33 -1 -1 30 20 0 24 24 29 27 36 -1 -1 41 35 -1 23 29 41 17 24 17 -1 -1 -1 25 -1 15 24 -1 -1 -1 27 -1 34 35 48 6 -1 12 35 32 40 -1 25 30 -1 9 -1 33 45 26 21 -1 20 28 35 24 21 -1 -1 -1 25
14 -1 18 14 25 -1 18 -1 33 -1 24 21 20 -1 15 39 -1 24 32 12 13 -1 37 27 -1 35 19 13 -1 29 31 -1 -1 10 16 29 32 30 -1 30 35 23 10 23 28 27 15 -1 23 13 -1 -1 4 -1 -1 10 25 -1 -1 28 -1 25 35 -1 -1 19 27 13 31 21 22 28 28 -1 25 -1 -1 22 -1 15 -1 -1 -1 21 -1 -1 -1 -1 -1 -1 12 31 24 0 16 7 -1 -1 -1 16 30 31 -1 -1 -1 -1 12 -1 -1 25 41 7 19 37 -1 35 -1 -1 18 -1 7 7 -1 14 10 -1 -1 -1 34 36 12 -1 32 -1 -1 31 20 20 33 19 32 29 -1 42 -1 15 46 -1 -1 -1
23 -1 -1 -1 45 16 26 24 23 -1 10 -1 37 25 -1 -1 -1 21 25 30 -1 -1 32 43 28 32 27 30 34 -1 32 20 26 -1 30 26 29 33 16 36 17 21 17 13 35 -1 27 10 37 -1 22 26 20 21 -1 17 -1 7 -1 -1 32 24 9 32 25 30 -1 -1 25 13 -1 -1 -1 39 26 -1 12 -1 -1 27 20 20 38 -1 -1 -1 -1 6 -1 24 17 -1 24 16 0 -1 23 -1 -1 21 14 32 -1 -1 -1 37 -1 15 -1 -1 31 -1 27 22 32 -1 14 15 -1 -1 -1 -1 22 -1 -1 24 24 24 22 -1 33 -1 -1 -1 -1 37 -1 17 -1 -1 10 -1 -1 -1 18 22 -1 -1 -1 14
26 -1 26 21 -1 21 44 -1 25 -1 -1 13 -1 -1 -1 6 -1 25 33 22 -1 35 -1 -1 11 6 -1 8 40 27 23 -1 8 24 29 20 11 36 -1 -1 33 -1 -1 19 18 37 23 30 23 29 38 31 14 -1 -1 38 19 22 21 -1 16 26 27 16 -1 -1 21 43 -1 -1 -1 27 24 21 36 40 23 29 -1 14 -1 47 -1 -1 -1 -1 34 27 26 -1 35 7 29 7 -1 -1 -1 29 -1 23 34 -1 13 6 43 19 45 30 20 -1 24 25 15 38 -1 46 12 25 20 15 41 9 -1 22 26 17 -1 21 26 20 37 44 -1 33 15 35 29 -1 -1 19 20 8 47 -1 27 7 -1 33 16 -1
23 30 27 26 22 -1 21 25 22 27 -1 30 8 36 28 34 -1 -1 -1 32 -1 27 -1 -1 11 6 26 19 28 17 -1 38 39 -1 -1 35 33 -1 3 -1 39 35 -1 18 -1 -1 -1 19 17 -1 14 21 -1 -1 37 -1 16 -1 15 18 36 -1 -1 31 -1 21 -1 28 30 -1 24 -1 44 24 24 47 -1 29 7 -1 8 19 -1 -1 24 -1 -1 -1 43 -1 -1 23 27 -1 23 -1 0 -1 25 25 -1 3 33 22 41 -1 -1 -1 10 5 -1 -1 25 31 27 -1 27 17 33 -1 45 29 17 7 24 -1 22 24 31 30 -1 -1 27 -1 -1 -1 28 18 -1 31 -1 30 20 -1 -1 25 -1 -1 23 -1
10 -1 -1 -1 -1 15 -1 19 -1 27 -1 -1 21 31 31 12 26 22 -1 -1 -1 -1 31 -1 15 -1 -1 -1 7 16 -1 -1 -1 -1 43 27 -1 32 37 -1 4 21 37 29 42 -1 -1 29 18 -1 12 30 30 29 38 -1 17 -1 4 22 -1 -1 30 -1 -1 40 36 22 -1 -1 -1 -1 -1 -1 24 39 -1 38 22 20 5 15 -1 28 19 -1 -1 -1 7 -1 13 -1 36 -1 -1 29 -1 -1 13 4 -1 32 -1 38 17 27 23 24 46 9 18 -1 31 -1 18 17 12 -1 -1 -1 18 -1 34 23 31 -1 -1 -1 21 43 -1 22 46 37 -1 -1 -1 34 33 -1 33 43 38 -1 23 39 23 29 38 -1
45 -1 -1 -1 4 23 27 7 -1 9 -1 22 24 12 25 36 42 -1 -1 12 12 37 9 20 28 -1 -1 28 23 40 27 -1 -1 -1 -1 31 32 21 19 -1 5 19 16 -1 -1 30 -1 8 -1 -1 -1 19 19 28 -1 16 36 21 19 19 19 12 39 -1 -1 -1 31 37 28 -1 41 14 12 39 28 42 -1 -1 -1 -1 -1 18 -1 -1 27 22 11 29 45 -1 7 -1 -1 -1 -1 -1 25 13 0 18 -1 33 -1 23 -1 39 -1 -1 -1 -1 9 -1 7 37 28 14 40 -1 22 41 15 28 29 -1 29 -1 19 10 -1 -1 35 -1 29 21 -1 16 6 -1 -1 24 -1 30 15 10 -1 25 -1 24 -1 13
18 20 10 15 25 -1 -1 -1 -1 14 6 32 42 34 -1 -1 38 44 26 19 19 -1 -1 44 22 19 -1 5 22 28 40 -1 21 15 44 -1 3 -1 -1 -1 18 27 13 -1 -1 17 35 21 46 -1 -1 -1 11 -1 18 -1 -1 37 -1 29 -1 -1 47 -1 -1 35 -1 -1 27 -1 24 -1 -1 28 -1 37 -1 -1 11 8 18 8 46 30 -1 -1 23 13 22 15 20 33 -1 16 21 23 25 4 18 0 -1 -1 -1 -1 -1 8 -1 19 -1 -1 -1 39 -1 13 -1 41 -1 -1 36 35 6 42 23 -1 24 -1 2 18 -1 -1 -1 -1 26 -1 26 23 23 -1 20 -1 -1 -1 -1 23 7 -1 12 -1 39 -1
-1 22 31 -1 -1 10 27 -1 32 -1 24 13 12 -1 -1 -1 -1 -1 -1 10 45 27 21 -1 -1 22 24 -1 19 -1 32 -1 44 -1 -1 -1 22 -1 -1 31 30 20 -1 30 31 -1 -1 -1 34 38 -1 17 25 12 29 -1 30 27 19 17 -1 14 -1 20 25 42 33 -1 -1 9 -1 -1 -1 25 8 42 20 -1 19 -1 -1 23 17 -1 30 35 24 33 -1 -1 -1 6 41 30 14 34 -1 -1 -1 -1 0 29 20 -1 -1 -1 37 27 33 40 26 31 42 -1 10 -1 18 -1 23 -1 39 28 -1 -1 -1 -1 -1 29 6 -1 43 -1 36 -1 12 -1 16 -1 -1 -1 -1 37 -1 -1 -1 -1 27 -1 -1 -1
-1 18 18 30 -1 -1 32 -1 -1 -1 -1 32 28 3 -1 -1 26 32 -1 25 32 23 17 7 14 43 16 -1 25 -1 -1 -1 -1 -1 40 29 -1 26 35 5 34 -1 35 -1 12 22 -1 -1 -1 38 18 45 -1 -1 -1 17 31 -1 -1 23 28 9 13 -1 -1 -1 -1 -1 39 -1 26 26 11 19 26 16 19 26 -1 43 21 32 9 -1 23 -1 29 -1 -1 -1 41 -1 35 31 32 -1 3 32 33 -1 29 0 -1 31 -1 41 -1 -1 21 12 -1 -1 36 -1 11 -1 -1 15 -1 -1 -1 26 11 -1 28 -1 -1 4 30 -1 -1 -1 20 -1 13 -1 7 -1 20 -1 -1 -1 27 17 34 22 -1 37 14 -1
39 19 18 -1 10 19 13 -1 18 -1 8 -1 20 15 -1 -1 20 12 4 -1 -1 -1 -1 -1 33 -1 -1 -1 39 -1 -1 28 19 29 -1 21 -1 21 28 31 14 19 -1 -1 -1 26 20 -1 35 -1 -1 30 -1 28 -1 34 41 -1 21 33 33 14 -1 33 11 34 23 24 24 29 38 -1 -1 -1 29 31 -1 -1 30 10 -1 -1 -1 28 22 -1 -1 18 -1 -1 28 -1 -1 -1 -1 13 33 -1 -1 -1 20 -1 0 35 22 26 22 34 -1 27 -1 -1 48 -1 23 -1 -1 21 -1 34 15 28 11 33 -1 -1 9 40 19 11 14 28 41 31 -1 22 -1 -1 -1 26 -1 18 15 -1 26 33 23 15 36 13
29 37 24 -1 9 -1 -1 16 19 21 -1 27 -1 20 16 25 22 22 42 24 29 -1 -1 32 25 45 -1 -1 17 -1 26 -1 26 -1 -1 7 -1 -1 -1 -1 35 33 3 19 -1 -1 -1 15 -1 20 -1 -1 11 22 -1 40 3 -1 -1 -1 16 21 12 40 42 31 27 -1 23 -1 -1 31 24 31 44 26 33 -1 -1 29 8 36 30 -1 22 24 6 -1 -1 -1 28 20 23 -1 -1 6 22 38 23 -1 -1 31 35 0 -1 17 -1 39 18 17 15 -1 4 18 23 -1 20 -1 -1 -1 -1 23 35 43 -1 6 34 -1 36 26 26 -1 18 24 11 9 7 -1 -1 -1 31 29 -1 18 -1 -1 18 -1 23 41
-1 41 33 38 25 -1 -1 -1 26 27 20 -1 5 21 35 -1 23 7 -1 -1 21 -1 2 -1 18 -1 23 28 -1 34 20 33 33 -1 -1 -1 29 31 9 -1 44 -1 -1 -1 -1 -1 -1 -1 32 24 19 -1 -1 28 -1 -1 -1 -1 -1 -1 37 9 42 18 32 28 -1 10 31 9 33 -1 18 -1 -1 15 17 23 25 11 29 28 27 36 -1 -1 -1 20 -1 -1 23 27 29 -1 -1 43 41 17 -1 -1 -1 -1 22 -1 0 27 -1 47 36 -1 39 -1 -1 23 21 -1 25 19 -1 33 45 -1 19 22 25 -1 -1 17 28 27 -1 6 27 14 -1 33 -1 31 40 -1 30 -1 -1 18 -1 -1 -1 -1 -1 -1
8 -1 -1 22 18 13 17 16 34 27 -1 -1 20 27 41 19 32 16 -1 21 25 -1 -1 21 -1 19 -1 -1 23 -1 -1 -1 26 -1 45 -1 17 14 20 27 44 31 21 26 37 16 37 25 27 -1 -1 -1 -1 -1 -1 -1 30 33 26 -1 7 44 26 45 27 25 17 22 30 -1 -1 32 9 34 32 22 7 26 -1 -1 -1 30 -1 -1 20 34 25 12 26 -1 -1 23 41 -1 37 19 -1 27 39 8 -1 41 26 17 27 0 31 -1 -1 27 29 -1 -1 17 -1 13 30 39 -1 -1 35 29 32 -1 10 -1 -1 -1 35 -1 15 9 17 -1 33 -1 -1 20 11 21 7 21 26 27 -1 12 -1 31 -1 36
7 -1 -1 -1 14 -1 33 -1 -1 -1 40 -1 31 -1 -1 -1 -1 -1 -1 14 -1 17 35 -1 -1 24 -1 -1 -1 34 -1 26 30 -1 28 -1 35 -1 -1 21 25 -1 -1 27 -1 -1 -1 -1 31 40 -1 15 27 -1 -1 19 3 37 26 27 25 -1 -1 11 23 22 -1 -1 -1 18 18 21 12 26 -1 30 -1 34 -1 11 37 23 28 35 30 24 -1 46 25 -1 28 25 17 12 -1 45 -1 23 -1 -1 37 -1 22 -1 -1 31 0 29 -1 -1 44 14 24 21 -1 24 26 21 -1 -1 34 -1 -1 -1 -1 40 30 34 -1 39 42 -1 25 -1 28 16 21 18 31 38 13 19 -1 24 31 -1 29 34 29 -1
37 22 38 -1 -1 -1 -1 -1 -1 24 43 38 -1 -1 -1 -1 44 26 22 16 28 -1 39 10 23 -1 -1 -1 -1 32 28 -1 16 22 1 23 -1 21 23 -1 -1 17 20 21 -1 23 -1 12 8 7 45 35 29 -1 20 -1 37 16 -1 32 45 25 5 25 17 -1 -1 34 -1 -1 -1 19 25 -1 -1 28 -1 -1 -1 26 27 -1 -1 36 27 35 26 -1 3 14 29 27 24 -1 15 30 -1 24 -1 19 27 -1 34 39 47 -1 29 0 12 -1 -1 -1 -1 25 25 -1 33 11 -1 6 -1 -1 -1 40 34 -1 -1 -1 -1 32 32 -1 -1 9 -1 -1 -1 6 -1 6 22 -1 -1 32 -1 -1 8 22 31 17
36 -1 30 -1 33 -1 -1 -1 30 30 -1 -1 30 -1 18 -1 3 14 33 29 23 21 12 34 -1 -1 -1 -1 -1 -1 -1 -1 -1 23 26 -1 26 -1 -1 -1 28 30 35 -1 -1 27 -1 -1 -1 15 26 31 -1 29 9 -1 37 19 -1 10 29 -1 8 15 9 -1 32 21 24 -1 -1 14 12 -1 -1 6 37 -1 -1 23 27 -1 39 -1 24 -1 41 43 18 7 18 22 17 -1 -1 20 10 46 -1 -1 33 21 -1 18 36 -1 -1 12 0 8 23 -1 33 -1 30 9 30 39 18 18 -1 22 13 25 -1 -1 41 -1 -1 -1 -1 -1 -1 -1 28 25 24 19 38 41 40 -1 34 16 -1 -1 -1 -1 24 18
11 24 -1 18 27 22 -1 -1 36 -1 43 19 -1 -1 -1 26 27 -1 16 -1 45 -1 -1 9 -1 28 25 13 34 -1 -1 15 25 36 8 8 -1 -1 22 21 -1 21 -1 -1 -1 -1 -1 18 -1 -1 -1 -1 -1 -1 29 39 -1 22 -1 20 31 -1 -1 24 28 -1 24 21 -1 16 40 -1 27 -1 29 25 12 15 -1 9 20 44 28 11 -1 -1 -1 -1 30 34 13 -1 -1 25 -1 -1 5 9 -1 -1 40 12 27 17 -1 27 -1 -1 8 0 -1 39 32 -1 -1 -1 -1 31 30 37 -1 -1 -1 25 38 -1 29 -1 10 42 -1 -1 -1 -1 27 22 -1 -1 -1 31 25 33 45 -1 -1 -1 18 -1 37 18
28 41 -1 24 -1 36 -1 -1 -1 28 -1 6 -1 27 -1 40 -1 -1 -1 28 6 14 -1 -1 -1 29 25 13 16 17 18 39 24 -1 -1 29 -1 -1 -1 -1 -1 22 18 35 35 -1 -1 16 13 -1 31 -1 -1 -1 47 -1 -1 24 28 -1 -1 -1 26 44 33 -1 -1 22 -1 -1 27 -1 9 -1 26 25 23 19 26 37 21 39 -1 39 -1 22 34 -1 -1 -1 -1 -1 -1 41 31 24 -1 18 9 -1 26 -1 -1 15 39 29 44 -1 23 -1 0 -1 -1 41 22 -1 26 -1 32 29 30 30 24 27 -1 17 9 23 -1 23 11 -1 -1 38 17 6 27 26 -1 13 -1 -1 -1 27 29 27 -1 -1 -1 -1
18 -1 33 19 19 15 11 -1 23 12 -1 -1 -1 -1 21 -1 34 28 14 40 40 30 -1 24 -1 -1 -1 -1 22 -1 31 18 -1 -1 -1 19 31 19 20 -1 -1 11 7 -1 41 29 25 28 -1 39 29 -1 -1 47 4 30 13 -1 22 -1 32 24 -1 13 26 -1 28 20 17 19 -1 -1 17 -1 -1 -1 33 15 22 2 -1 -1 17 20 11 -1 -1 -1 13 -1 -1 -1 -1 7 -1 25 -1 -1 -1 39 31 -1 -1 -1 -1 -1 14 -1 -1 39 -1 0 36 -1 -1 30 11 25 -1 -1 -1 30 -1 -1 -1 -1 -1 -1 -1 -1 -1 15 20 33 -1 -1 29 28 42 37 23 -1 -1 -1 -1 36 20 39 18 15
26 -1 -1 -1 24 -1 -1 -1 28 39 16 -1 21 3 -1 -1 13 16 20 -1 35 3 36 -1 -1 -1 -1 14 -1 -1 33 30 15 25 -1 23 40 -1 24 -1 -1 -1 12 12 -1 22 32 19 -1 -1 32 -1 -1 31 -1 27 20 19 3 27 -1 -1 4 22 31 -1 -1 -1 -1 -1 -1 6 26 30 18 21 -1 42 28 -1 19 15 17 -1 20 -1 -1 -1 23 28 14 -1 25 19 27 15 25 31 7 -1 42 36 48 4 -1 -1 24 -1 33 32 -1 36 -1 -1 37 -1 -1 28 15 38 38 16 -1 27 38 37 14 26 36 -1 32 -1 31 31 18 23 27 24 30 21 25 14 29 38 13 30 -1 43 23 25
23 8 -1 18 21 26 22 23 22 19 13 16 -1 8 -1 24 31 47 38 -1 -1 40 -1 21 -1 24 19 37 35 21 11 -1 7 -1 22 -1 -1 11 -1 -1 40 38 -1 25 42 -1 -1 -1 -1 -1 26 25 33 -1 8 28 -1 17 -1 -1 37 -1 29 -1 -1 -1 17 40 24 -1 -1 -1 -1 23 21 30 -1 -1 -1 29 30 28 39 -1 -1 -1 32 -1 35 -1 -1 10 -1 37 22 38 31 -1 37 13 -1 -1 -1 18 23 17 21 25 -1 -1 41 -1 -1 0 40 37 -1 37 17 26 42 14 -1 -1 35 39 31 10 14 24 27 33 2 -1 21 37 43 27 -1 -1 20 33 -1 30 42 -1 34 24 -1 41
32 -1 -1 29 -1 -1 -1 26 39 21 44 -1 35 -1 10 42 28 45 29 16 15 -1 24 24 24 26 27 -1 9 -1 -1 12 29 -1 30 34 30 -1 20 16 -1 -1 -1 39 -1 17 30 -1 -1 26 33 -1 -1 -1 -1 -1 -1 20 29 19 24 -1 31 47 -1 -1 36 -1 32 -1 5 -1 27 -1 -1 -1 33 31 -1 19 22 24 14 -1 -1 29 -1 36 -1 19 -1 -1 15 -1 32 -1 27 18 28 -1 10 11 23 23 21 -1 -1 25 30 -1 22 -1 37 40 0 29 -1 7 25 20 -1 -1 -1 20 -1 -1 -1 -1 29 -1 -1 -1 -1 10 20 -1 19 -1 -1 32 27 -1 36 12 27 -1 -1 11 -1 10
-1 -1 -1 -1 27 17 2 -1 -1 38 34 29 6 37 17 10 -1 14 37 26 -1 -1 43 18 -1 -1 -1 27 33 40 -1 29 21 -1 35 -1 -1 -1 -1 -1 22 -1 -1 19 25 -1 -1 23 -1 13 -1 29 20 22 40 -1 30 -1 39 -1 -1 26 25 43 -1 25 -1 -1 33 -1 24 -1 39 23 30 -1 -1 10 -1 28 5 -1 19 29 -1 9 -1 24 -1 10 -1 17 24 35 -1 46 -1 17 14 41 -1 -1 -1 -1 -1 13 24 -1 9 -1 -1 30 -1 37 29 0 35 16 16 31 -1 35 14 24 8 -1 -1 -1 -1 24 33 7 22 35 35 16 -1 20 5 -1 -1 24 19 21 -1 32 17 15 33 20
10 28 47 26 -1 21 -1 19 22 29 -1 26 -1 24 -1 33 -1 30 -1 -1 -1 -1 39 -1 31 -1 -1 34 38 14 -1 15 15 -1 15 9 28 6 -1 34 20 26 23 14 40 8 42 27 -1 26 33 13 -1 -1 -1 32 33 19 -1 44 -1 24 -1 37 15 -1 -1 -1 -1 -1 36 -1 -1 16 -1 22 23 -1 -1 41 24 -1 17 36 -1 -1 -1 33 36 -1 21 23 -1 -1 14 12 27 12 40 -1 18 -1 -1 20 25 30 26 33 30 -1 26 11 -1 -1 -1 35 -1 44 33 20 35 -1 18 31 -1 -1 -1 -1 45 -1 -1 -1 -1 26 22 36 -1 27 12 -1 22 -1 -1 10 23 25 -1 -1 10 18
13 6 -1 34 36 28 17 22 26 32 45 -1 -1 13 35 22 -1 -1 36 -1 -1 -1 35 9 -1 -1 23 25 22 -1 -1 32 -1 35 -1 -1 28 40 -1 -1 20 -1 -1 16 -1 -1 -1 27 -1 20 -1 13 23 -1 -1 30 33 31 -1 -1 -1 15 -1 -1 -1 34 30 -1 18 9 -1 14 10 24 -1 12 11 -1 -1 -1 -1 -1 17 25 -1 -1 27 23 -1 -1 30 -1 -1 -1 15 25 17 -1 -1 -1 -1 15 21 -1 19 39 21 11 39 31 -1 25 28 37 7 16 44 0 17 22 24 -1 -1 -1 7 -1 -1 5 14 16 -1 27 23 21 31 27 18 30 -1 -1 -1 27 -1 -1 29 30 31 -1 27 -1
-1 28 23 -1 25 -1 34 -1 15 -1 8 -1 -1 31 42 -1 18 28 25 10 20 47 -1 48 -1 42 36 -1 -1 15 -1 36 33 28 13 31 21 -1 26 14 -1 43 -1 19 42 32 16 -1 -1 -1 -1 33 -1 -1 18 21 7 21 18 35 -1 -1 35 33 -1 31 32 35 20 -1 -1 21 22 26 25 20 -1 26 44 35 -1 40 48 30 20 -1 -1 41 38 39 -1 28 -1 18 -1 20 33 -1 22 36 23 -1 -1 -1 -1 -1 -1 -1 18 30 32 -1 15 17 25 16 33 17 -1 18 -1 -1 -1 30 38 21 26 -1 37 6 -1 38 30 -1 33 -1 21 32 35 22 24 -1 22 -1 41 -1 -1 -1 22 -1
12 5 31 35 19 7 -1 20 -1 39 -1 26 28 33 8 -1 39 21 -1 -1 11 -1 13 -1 -1 11 29 38 11 42 16 34 -1 -1 38 16 -1 34 14 -1 -1 15 32 -1 20 -1 -1 43 41 -1 35 -1 -1 -1 11 -1 -1 14 19 -1 -1 -1 -1 4 33 -1 23 -1 25 20 -1 34 38 -1 28 36 38 -1 -1 12 7 42 19 25 -1 31 -1 -1 24 45 40 -1 27 -1 -1 15 -1 -1 41 35 -1 -1 34 -1 33 -1 -1 6 18 37 29 -1 38 26 20 31 20 22 18 0 31 36 -1 24 -1 28 -1 -1 -1 27 -1 -1 -1 35 33 38 13 -1 19 38 -1 -1 -1 5 12 -1 40 -1 15 -1
-1 -1 5 -1 44 21 -1 15 18 23 -1 -1 22 44 19 26 -1 18 30 -1 -1 15 33 40 49 31 -1 35 31 21 38 -1 30 33 -1 31 -1 41 -1 -1 32 27 -1 -1 -1 -1 20 27 -1 10 -1 8 5 27 10 -1 17 -1 -1 -1 31 25 -1 23 32 28 27 10 -1 15 29 11 -1 -1 -1 -1 46 -1 -1 17 -1 28 31 21 -1 -1 -1 36 19 25 19 -1 -1 7 -1 41 45 18 15 6 39 -1 15 -1 45 35 34 -1 -1 -1 30 -1 38 42 -1 -1 35 24 -1 31 -1 -1 -1 35 16 11 35 22 23 33 22 16 29 32 -1 23 -1 35 14 -1 27 -1 21 -1 21 8 -1 -1 -1 26
21 -1 -1 27 19 -1 -1 23 17 -1 8 -1 23 -1 -1 10 43 26 -1 -1 -1 -1 16 23 17 21 32 -1 -1 22 14 -1 -1 4 34 -1 -1 39 20 -1 10 -1 33 17 29 39 -1 22 -1 32 9 -1 -1 17 16 -1 -1 30 -1 24 -1 -1 22 32 11 20 20 23 -1 27 23 23 35 -1 16 34 -1 18 3 -1 28 -1 28 -1 -1 10 -1 27 27 -1 27 -1 34 7 -1 9 29 -1 28 42 28 26 28 23 -1 29 -1 -1 22 -1 30 30 16 14 -1 35 -1 -1 -1 36 -1 0 29 -1 24 26 -1 -1 -1 10 33 27 -1 -1 28 -1 32 27 2 1 -1 9 32 36 28 -1 -1 24 -1 4
26 24 -1 23 23 -1 33 16 -1 -1 21 32 -1 -1 27 12 -1 -1 29 29 44 -1 29 -1 13 21 -1 14 -1 27 -1 -1 -1 -1 20 22 -1 -1 35 20 10 -1 9 -1 21 23 25 36 -1 -1 -1 -1 -1 -1 24 22 -1 40 16 25 40 20 -1 -1 17 -1 -1 23 -1 -1 -1 29 26 -1 23 -1 15 -1 -1 -1 34 24 31 -1 -1 -1 -1 -1 -1 -1 -1 -1 35 -1 22 -1 17 34 29 23 -1 11 11 35 19 32 -1 -1 13 -1 24 -1 -1 -1 -1 14 18 -1 -1 -1 -1 29 0 38 42 14 26 29 2 34 40 -1 39 22 18 -1 -1 -1 -1 43 -1 32 -1 26 33 14 23 20 18 20
-1 -1 32 21 -1 -1 17 32 -1 21 13 -1 -1 13 39 -1 31 -1 24 42 16 -1 41 -1 21 -1 25 39 -1 31 28 -1 -1 -1 -1 14 45 10 9 -1 -1 31 -1 -1 -1 -1 -1 -1 36 9 36 13 26 29 16 -1 21 16 45 -1 24 -1 -1 15 13 34 21 4 28 34 14 15 -1 2 -1 17 37 14 20 -1 -1 -1 -1 20 19 -1 16 -1 29 -1 10 38 48 14 -1 22 7 23 -1 -1 -1 -1 33 43 22 -1 -1 40 25 25 27 -1 27 -1 20 24 31 -1 30 24 35 -1 38 -1 -1 25 27 -1 -1 -1 33 25 16 23 23 32 -1 39 32 -1 28 20 16 25 34 -1 22 20 -1 -1
-1 12 4 26 24 -1 7 30 25 21 -1 24 30 14 42 32 -1 -1 -1 22 19 -1 16 37 19 -1 14 21 -1 6 15 36 -1 -1 27 28 40 -1 -1 -1 -1 32 19 25 -1 14 -1 22 -1 -1 18 4 -1 -1 5 44 24 34 18 -1 -1 25 -1 21 34 15 13 -1 -1 -1 31 -1 28 32 -1 19 -1 30 22 -1 30 31 43 29 -1 26 42 -1 30 -1 5 -1 6 10 -1 26 24 31 29 24 -1 28 -1 -1 25 10 -1 34 -1 38 -1 -1 38 35 -1 8 -1 7 38 -1 16 24 42 -1 0 9 36 -1 -1 33 14 -1 -1 -1 -1 26 5 -1 8 7 -1 21 42 -1 35 21 -1 -1 -1 28
37 29 -1 12 -1 21 -1 22 -1 7 -1 -1 -1 -1 -1 21 -1 35 34 -1 32 14 33 -1 -1 11 -1 -1 -1 -1 -1 -1 -1 24 26 9 30 22 8 10 -1 28 23 20 25 21 15 39 18 32 12 32 22 -1 27 34 44 32 -1 7 44 23 25 22 -1 34 25 27 41 30 -1 39 24 -1 -1 -1 -1 15 36 38 7 -1 41 29 -1 35 -1 25 -1 -1 17 13 -1 -1 24 17 -1 -1 -1 -1 -1 -1 -1 6 -1 -1 40 -1 -1 -1 17 -1 37 39 -1 -1 -1 -1 21 28 11 26 14 25 9 0 32 -1 -1 22 31 24 29 31 35 37 28 30 -1 -1 -1 21 18 25 23 23 -1 -1 28 22
17 -1 28 21 22 -1 -1 -1 34 25 14 -1 29 41 14 28 29 -1 -1 -1 22 -1 26 41 32 40 28 32 -1 24 -1 18 -1 16 16 -1 17 25 -1 21 17 4 -1 -1 39 7 -1 -1 12 -1 -1 16 20 -1 42 -1 -1 14 -1 41 -1 -1 -1 32 22 -1 6 -1 -1 30 -1 31 -1 -1 18 16 15 22 41 -1 -1 19 30 23 -1 23 -1 -1 23 -1 20 18 12 -1 24 -1 22 -1 19 2 -1 -1 9 34 -1 -1 30 -1 41 29 9 -1 14 31 -1 -1 -1 -1 26 -1 35 -1 26 27 36 32 0 16 12 -1 39 32 7 34 -1 25 34 30 33 -1 20 -1 32 -1 21 24 30 -1 -1 20
31 -1 11 38 19 -1 -1 -1 -1 26 -1 15 20 -1 34 30 25 -1 -1 39 6 -1 23 30 38 31 6 33 -1 19 23 38 24 29 10 6 4 11 -1 -1 26 -1 39 -1 42 -1 16 -1 -1 -1 -1 23 -1 20 -1 25 -1 47 34 25 24 19 31 -1 31 -1 17 -1 -1 -1 15 -1 36 43 -1 -1 12 27 -1 -1 -1 23 -1 25 22 21 -1 46 -1 -1 17 39 35 -1 24 21 24 -1 10 18 29 4 40 -1 17 -1 34 -1 -1 -1 23 -1 26 10 -1 -1 -1 5 -1 -1 22 -1 29 -1 -1 -1 16 -1 6 23 -1 37 18 21 9 -1 15 -1 -1 25 19 21 22 21 -1 26 -1 -1 13 17
28 21 -1 29 35 16 41 -1 17 -1 -1 20 27 -1 27 -1 -1 -1 23 -1 17 22 32 23 18 -1 -1 -1 20 34 40 21 47 -1 -1 25 12 -1 -1 -1 -1 27 -1 -1 19 -1 40 -1 43 37 22 -1 12 39 27 -1 20 -1 -1 -1 29 27 -1 23 -1 23 24 -1 8 -1 22 -1 -1 -1 -1 -1 17 -1 -1 37 -1 31 34 -1 30 24 22 12 -1 27 -1 8 32 34 22 26 31 21 -1 -1 6 30 19 36 28 35 -1 -1 -1 10 -1 -1 36 14 29 -1 45 14 37 -1 23 -1 2 -1 -1 -1 12 6 0 -1 28 -1 29 29 39 44 -1 -1 -1 17 -1 -1 8 18 8 32 -1 19 24 -1
31 -1 -1 -1 -1 -1 29 15 23 -1 -1 23 -1 -1 27 -1 32 27 -1 -1 -1 22 26 17 -1 27 17 -1 -1 -1 9 22 9 44 42 -1 22 -1 30 34 -1 -1 -1 7 15 -1 -1 -1 48 14 18 -1 -1 29 -1 25 -1 15 -1 19 -1 25 16 21 16 -1 20 -1 23 43 22 -1 -1 -1 40 -1 27 -1 16 15 -1 27 -1 7 21 24 -1 23 -1 -1 28 28 40 36 -1 20 30 43 -1 -1 -1 -1 11 26 27 -1 39 32 -1 42 23 -1 -1 24 -1 24 -1 16 6 27 33 10 34 -1 33 22 -1 23 -1 0 9 -1 36 23 31 25 32 -1 39 -1 -1 -1 25 15 27 32 32 -1 33 18
-1 15 35 -1 7 -1 -1 15 -1 19 28 40 47 30 -1 -1 -1 27 -1 31 33 -1 21 9 -1 23 32 -1 34 15 -1 26 21 -1 -1 10 -1 -1 -1 26 -1 -1 27 8 -1 -1 24 -1 -1 -1 -1 -1 -1 -1 -1 24 18 -1 27 -1 43 34 39 22 13 6 -1 -1 -1 21 -1 -1 25 22 29 14 28 46 -1 -1 -1 33 -1 36 -1 -1 11 -1 -1 1 23 -1 -1 12 33 37 -1 -1 35 -1 43 -1 14 26 -1 15 42 32 -1 -1 11 -1 32 27 -1 33 -1 -1 -1 -1 22 33 40 33 14 31 39 -1 28 9 0 -1 10 32 30 18 31 25 -1 -1 22 21 25 -1 42 35 -1 -1 -1 32
-1 -1 24 32 41 37 -1 -1 23 40 6 -1 26 -1 -1 13 -1 41 18 -1 -1 -1 13 9 -1 27 -1 -1 25 -1 -1 27 46 40 26 28 -1 29 20 17 -1 31 32 22 7 -1 31 26 -1 -1 27 -1 21 -1 -1 -1 -1 33 27 43 42 20 32 -1 20 -1 35 21 33 -1 18 27 -1 10 18 -1 43 -1 28 -1 35 -1 -1 -1 16 33 17 36 -1 -1 -1 -1 25 -1 -1 44 -1 22 -1 -1 -1 -1 28 -1 6 9 -1 -1 -1 -1 -1 15 -1 33 -1 7 -1 27 38 -1 16 27 -1 25 -1 24 32 37 -1 -1 -1 0 -1 13 34 5 30 -1 -1 -1 32 -1 33 21 31 -1 -1 -1 -1 16
18 19 -1 -1 -1 2 28 29 15 14 -1 -1 -1 30 29 -1 39 10 28 -1 -1 37 26 -1 17 -1 -1 23 -1 21 -1 -1 22 25 18 -1 38 -1 -1 -1 31 -1 27 -1 34 -1 -1 -1 28 18 32 19 19 37 -1 32 38 -1 -1 -1 14 31 30 16 -1 -1 43 -1 15 27 14 -1 -1 -1 -1 -1 -1 16 38 30 23 -1 -1 30 -1 -1 -1 16 -1 -1 26 17 30 32 -1 -1 27 46 29 26 36 20 41 18 27 17 25 -1 -1 -1 -1 20 31 2 -1 22 -1 23 30 -1 29 -1 39 16 -1 29 7 18 29 36 10 -1 0 23 23 26 -1 23 -1 -1 -1 -1 34 22 -1 -1 24 5 3 8
30 -1 33 -1 36 37 -1 41 -1 -1 15 -1 28 14 12 -1 -1 41 -1 -1 25 26 -1 -1 28 -1 16 29 23 16 -1 17 23 -1 20 -1 26 13 -1 -1 -1 16 -1 -1 23 -1 21 21 10 30 -1 -1 48 42 9 -1 43 5 12 10 -1 -1 10 -1 14 -1 43 31 39 -1 -1 -1 31 -1 36 -1 21 -1 -1 -1 13 -1 25 -1 33 36 -1 36 22 23 29 -1 -1 -1 -1 33 -1 37 21 -1 -1 -1 31 24 14 -1 -1 9 -1 -1 38 33 31 -1 10 35 26 21 -1 35 32 -1 22 23 -1 31 34 21 29 23 32 13 23 0 13 -1 -1 -1 -1 -1 -1 -1 24 17 32 23 31 -1 -1 26
-1 -1 26 42 22 22 43 19 36 22 44 -1 13 6 15 34 23 24 28 -1 25 -1 25 -1 10 -1 -1 -1 35 28 17 -1 -1 28 -1 28 17 -1 13 -1 12 -1 -1 41 -1 26 24 -1 25 -1 22 17 25 -1 31 15 -1 -1 24 3 -1 -1 21 -1 14 37 23 -1 -1 24 -1 24 -1 24 -1 16 -1 19 -1 18 -1 29 -1 14 -1 -1 21 -1 26 6 -1 33 9 -1 -1 15 -1 -1 -1 26 12 13 -1 11 -1 33 28 -1 28 27 17 -1 18 21 20 35 22 31 33 33 -1 28 18 23 -1 35 -1 9 39 31 30 34 23 13 0 24 24 -1 19 7 6 -1 -1 24 35 -1 -1 -1 -1 34
27 -1 22 33 15 32 40 8 22 19 36 14 21 -1 8 39 -1 34 41 -1 -1 14 -1 -1 -1 -1 10 34 9 15 -1 -1 -1 -1 38 -1 10 27 -1 29 -1 12 44 -1 19 -1 -1 15 -1 32 29 31 -1 -1 25 9 25 21 -1 -1 -1 -1 -1 -1 35 41 24 23 20 26 -1 27 32 16 -1 -1 37 -1 3 -1 16 -1 -1 -1 -1 26 24 9 -1 -1 22 -1 -1 31 37 35 -1 -1 16 23 -1 -1 22 9 33 -1 16 -1 25 22 6 -1 23 37 -1 16 36 27 -1 38 23 -1 -1 32 26 37 25 -1 44 25 18 5 26 -1 24 0 38 35 30 -1 20 21 14 -1 5 -1 13 13 27 21
19 26 24 27 -1 -1 39 21 13 19 -1 -1 -1 35 23 -1 19 20 -1 -1 10 35 44 -1 27 14 -1 -1 28 17 17 28 -1 -1 -1 -1 32 21 21 16 -1 10 -1 13 -1 -1 -1 36 -1 29 -1 28 -1 20 31 -1 -1 16 33 26 -1 -1 13 -1 -1 11 -1 -1 20 -1 7 23 23 25 -1 26 -1 -1 13 -1 -1 26 -1 40 7 22 27 29 24 -1 -1 11 33 20 -1 29 28 -1 6 23 16 7 -1 7 -1 -1 21 -1 24 -1 27 29 27 43 19 -1 -1 18 21 13 -1 32 -1 -1 5 28 34 15 -1 32 31 30 -1 -1 24 38 0 -1 4 5 35 15 22 24 16 9 -1 22 19 8
-1 -1 -1 19 23 -1 -1 18 -1 -1 29 -1 -1 1 -1 21 28 25 -1 29 -1 22 15 24 29 -1 15 -1 16 28 23 -1 -1 20 -1 -1 25 -1 16 26 -1 -1 9 13 26 20 -1 -1 27 -1 -1 3 9 -1 -1 -1 19 -1 21 22 16 -1 35 -1 -1 24 33 25 15 -1 -1 9 -1 -1 -1 28 -1 20 29 21 -1 24 43 -1 38 -1 -1 14 35 11 35 -1 45 20 17 -1 18 34 -1 -1 -1 -1 -1 -1 31 20 18 6 19 -1 26 28 24 27 -1 20 27 30 32 -1 35 27 -1 39 -1 30 30 -1 -1 -1 25 -1 23 -1 -1 35 -1 0 -1 23 33 -1 -1 23 30 -1 -1 19 -1 -1
-1 9 -1 12 11 34 19 29 -1 45 24 10 -1 -1 15 23 18 35 25 29 25 33 12 -1 -1 -1 -1 1 33 23 -1 17 28 -1 -1 18 -1 13 -1 -1 -1 33 -1 34 31 -1 -1 24 13 -1 -1 -1 41 2 35 -1 -1 -1 -1 -1 2 28 -1 -1 26 -1 31 18 7 15 22 22 -1 33 -1 37 -1 -1 -1 20 25 13 -1 -1 31 41 -1 -1 27 19 15 37 26 33 -1 -1 -1 33 -1 20 -1 20 -1 -1 40 11 31 -1 38 -1 -1 42 30 -1 -1 5 12 -1 35 19 14 2 -1 32 8 -1 33 -1 -1 39 -1 -1 -1 -1 19 30 4 -1 -1 -1 -1 21 -1 10 -1 -1 29 30 32 -1
16 40 46 -1 15 11 27 -1 22 23 30 13 -1 -1 33 27 25 -1 -1 20 -1 28 -1 13 29 -1 -1 6 17 16 -1 34 38 25 31 -1 -1 -1 -1 43 24 20 28 -1 27 18 35 -1 -1 -1 31 18 42 -1 -1 33 -1 -1 47 -1 -1 -1 17 -1 23 -1 -1 -1 19 10 -1 -1 30 11 19 -1 30 -1 40 11 23 27 -1 -1 -1 31 -1 25 27 -1 -1 -1 21 19 -1 19 31 -1 24 -1 -1 -1 26 -1 -1 21 38 6 41 31 13 37 21 -1 32 -1 -1 -1 22 38 -1 1 43 -1 7 -1 -1 25 17 -1 -1 -1 -1 -1 7 -1 5 23 -1 -1 40 -1 -1 -1 30 24 -1 29 24 21
28 -1 15 14 28 24 -1 -1 -1 -1 -1 23 32 -1 30 9 -1 6 14 26 15 13 -1 20 25 16 33 -1 -1 32 -1 -1 -1 15 43 24 -1 26 23 12 38 22 38 -1 -1 30 31 40 38 -1 25 22 -1 15 -1 -1 -1 45 -1 -1 33 5 -1 -1 -1 38 -1 -1 24 21 35 -1 -1 27 -1 -1 -1 22 19 39 -1 -1 -1 36 19 -1 26 -1 38 35 25 15 -1 32 10 20 -1 33 -1 -1 -1 -1 -1 31 30 7 13 22 40 25 -1 23 25 20 27 -1 22 -1 24 -1 27 -1 -1 28 -1 -1 20 19 -1 -1 22 32 -1 -1 6 20 35 33 -1 40 0 -1 -1 32 -1 14 40 19 24 19
25 37 16 21 22 -1 10 26 -1 19 -1 44 43 12 33 37 -1 15 24 -1 -1 8 25 24 22 24 32 -1 19 -1 26 -1 -1 34 27 25 25 -1 20 -1 27 -1 21 31 34 4 28 22 -1 13 -1 -1 -1 23 22 15 31 -1 -1 23 -1 22 21 -1 20 42 28 5 37 17 21 -1 33 -1 -1 27 12 21 -1 39 28 -1 18 21 -1 46 26 40 35 -1 -1 -1 20 29 -1 8 30 43 30 -1 37 -1 18 29 -1 21 19 -1 -1 33 -1 -1 14 33 -1 24 -1 27 -1 -1 -1 9 32 20 21 21 -1 21 -1 -1 21 -1 -1 -1 -1 21 15 -1 21 -1 -1 0 -1 -1 37 24 -1 13 37 22
-1 -1 -1 -1 -1 32 29 12 -1 -1 -1 -1 22 11 39 3 -1 -1 -1 -1 13 45 -1 24 29 -1 -1 -1 -1 -1 36 24 32 20 -1 13 40 -1 -1 -1 20 -1 27 6 -1 22 -1 14 8 38 35 -1 27 44 29 12 10 26 -1 16 -1 25 26 23 25 -1 27 -1 17 -1 -1 25 -1 -1 -1 -1 29 -1 22 -1 -1 17 -1 -1 12 -1 27 -1 16 -1 -1 10 28 -1 -1 47 20 38 15 -1 -1 27 15 -1 -1 26 -1 -1 34 45 -1 -1 29 -1 36 19 -1 -1 22 -1 21 32 -1 16 42 18 32 22 8 25 25 33 34 24 -1 14 22 -1 -1 -1 -1 -1 0 -1 26 27 -1 -1 32 13
28 25 -1 17 34 24 14 12 -1 -1 35 -1 -1 -1 24 9 20 7 4 8 45 17 -1 -1 -1 27 23 40 26 22 -1 33 -1 -1 -1 32 -1 17 14 22 -1 -1 -1 -1 -1 15 22 -1 -1 -1 39 -1 36 27 20 -1 23 -1 -1 -1 16 26 23 31 19 38 -1 37 8 17 14 28 -1 32 14 25 -1 -1 -1 -1 -1 30 36 33 29 29 -1 26 15 -1 -1 -1 35 42 -1 -1 -1 -1 10 23 -1 17 -1 18 18 27 24 32 16 -1 27 -1 38 30 12 21 10 -1 -1 5 -1 36 26 25 -1 25 -1 21 18 15 -1 21 22 17 24 -1 24 23 10 -1 32 -1 -1 0 24 -1 13 25 18 29
17 -1 23 -1 25 19 20 20 29 -1 42 28 30 -1 27 35 13 21 -1 5 22 -1 17 23 19 -1 -1 -1 -1 -1 -1 35 13 33 -1 23 -1 -1 29 -1 22 16 35 31 17 13 20 -1 23 -1 -1 31 15 -1 -1 -1 -1 -1 30 -1 25 -1 -1 -1 18 -1 -1 -1 5 32 -1 -1 33 -1 -1 41 27 -1 -1 -1 14 23 22 25 -1 27 -1 -1 -1 36 -1 -1 24 -1 18 27 -1 23 -1 7 -1 34 26 -1 -1 -1 31 -1 -1 -1 29 -1 13 42 27 -1 23 29 41 12 21 28 33 34 35 23 21 -1 8 27 42 31 -1 32 35 5 16 30 -1 30 -1 37 26 24 -1 13 17 -1 21 -1
24 -1 -1 -1 12 34 21 5 34 26 -1 -1 30 34 35 -1 -1 7 29 28 24 -1 13 -1 -1 -1 -1 -1 -1 29 34 -1 -1 -1 22 26 -1 24 17 11 21 10 13 20 -1 -1 -1 -1 4 -1 41 25 -1 38 42 21 30 -1 45 -1 34 21 33 24 -1 -1 28 46 34 34 -1 -1 26 15 39 27 13 -1 -1 -1 -1 -1 21 -1 34 23 -1 35 29 28 27 -1 21 15 22 7 25 39 25 -1 -1 22 33 -1 -1 12 -1 -1 -1 -1 27 36 30 -1 -1 32 25 30 -1 -1 8 -1 14 -1 21 23 24 26 32 32 35 -1 -1 23 -1 -1 9 -1 -1 24 14 24 27 -1 13 0 37 34 29 19
-1 -1 24 40 38 36 29 15 13 -1 -1 9 33 34 -1 -1 -1 13 -1 -1 29 7 11 39 -1 22 36 26 17 -1 14 9 16 -1 7 25 -1 -1 41 -1 35 -1 -1 11 -1 -1 -1 -1 -1 30 19 12 -1 30 17 12 43 15 -1 -1 -1 -1 32 -1 8 17 14 14 24 38 28 -1 29 40 28 -1 22 -1 19 -1 34 38 10 16 -1 -1 36 -1 21 17 35 22 -1 46 -1 -1 -1 23 -1 12 27 -1 23 18 -1 -1 29 8 -1 18 -1 20 -1 34 -1 17 -1 31 -1 40 -1 -1 23 22 -1 -1 30 -1 -1 32 -1 -1 24 31 -1 13 -1 -1 29 -1 40 -1 -1 13 17 37 0 -1 15 -1
-1 -1 -1 30 30 12 -1 28 13 25 19 4 21 20 10 28 17 10 -1 -1 24 -1 22 -1 43 -1 -1 32 19 -1 -1 28 17 30 30 -1 -1 -1 -1 -1 -1 -1 -1 -1 -1 -1 20 30 32 36 11 20 33 -1 37 -1 -1 25 32 -1 -1 23 -1 19 38 -1 -1 -1 -1 -1 -1 29 6 26 45 33 13 10 -1 38 -1 18 26 -1 18 -1 -1 -1 16 -1 6 41 -1 -1 -1 33 -1 29 24 -1 -1 37 15 -1 -1 31 34 22 -1 -1 -1 39 43 24 11 15 -1 -1 -1 -1 -1 24 20 20 -1 -1 -1 -1 19 -1 -1 -1 5 -1 -1 13 22 19 30 29 19 13 -1 25 -1 34 -1 0 -1 36
33 12 -1 -1 20 -1 8 -1 -1 22 -1 35 -1 21 31 -1 28 12 -1 -1 36 -1 -1 -1 -1 10 39 12 27 36 16 -1 22 23 15 -1 18 -1 -1 30 -1 23 -1 30 17 20 -1 -1 12 20 27 9 19 25 22 -1 6 -1 -1 24 15 -1 -1 -1 31 47 35 29 9 -1 -1 27 25 15 30 11 31 -1 40 -1 -1 39 33 -1 -1 -1 23 -1 -1 34 -1 42 -1 -1 -1 16 23 38 -1 39 -1 14 36 23 -1 -1 29 31 24 37 -1 18 23 -1 -1 33 10 27 22 15 -1 -1 18 -1 -1 28 -1 13 24 33 -1 -1 3 -1 -1 27 19 -1 32 24 24 37 32 18 21 29 15 -1 -1 13
-1 -1 -1 -1 -1 4 37 39 13 27 11 26 22 -1 -1 -1 -1 -1 -1 39 -1 25 -1 -1 35 25 -1 20 -1 -1 -1 3 12 -1 -1 19 38 32 25 29 -1 -1 -1 -1 47 -1 26 34 -1 34 20 -1 -1 28 -1 27 -1 -1 -1 -1 23 33 -1 -1 -1 -1 25 23 22 37 -1 -1 29 -1 -1 -1 22 35 32 -1 30 -1 -1 12 26 31 -1 -1 11 -1 -1 -1 25 -1 14 -1 -1 -1 13 -1 -1 -1 13 41 -1 36 -1 17 18 18 -1 15 25 41 10 20 18 -1 -1 -1 26 4 20 -1 28 22 20 17 -1 18 32 16 8 26 34 21 8 -1 -1 21 19 22 13 29 -1 19 -1 36 13 0